10000
7346 7628
4033 8090
692 1559
24 6371
1822 9848
4275 5087
4778 7871
4560 8994
7197 7920
3615 4577
3178 4778
587 1134
3638 7803
8176 8189
5523 8074
3026 6483
1672 9787
1258 2559
3127 9020
6031 8105
2627 7577
1769 6532
2721 7623
3852 9848
710 9364
4256 8182
5010 8362
4607 7538
5840 8092
618 7540
2696 5065
7998 9376
1605 9598
4380 9754
1194 8182
873 9695
1927 8189
1128 9574
3638 8419
1139 7981
1560 5433
5860 8044
2856 5708
5130 6426
1002 7546
6634 8383
1108 5727
1953 5211
1741 3001
4889 5078
1302 2387
4074 4550
364 3127
1497 6361
585 7920
7197 7601
1426 2762
3037 3082
8648 9950
3450 5892
6998 7359
702 995
6354 8694
3005 6897
1726 2898
2519 3522
8419 9820
710 3578
2312 5517
7415 8090
2967 9246
1021 9314
1972 7356
2036 6996
3529 5746
3092 8314
3932 9898
3 6581
5438 7063
2094 8737
2785 6998
579 4064
4752 9569
3578 6536
1622 3074
2387 6792
1972 4812
4574 8501
1357 6035
3873 8974
1171 7359
1711 5653
4420 8831
3743 5281
3383 9496
7440 9669
3851 6166
331 700
260 6153
8658 9299
6321 9577
3294 7817
2120 8941
6341 9220
1946 7994
5641 6802
3615 9376
987 1738
6444 6839
7116 7588
68 340
3994 9966
2201 3849
2980 9317
3044 9126
6236 9174
1778 9979
6533 9055
766 7811
4379 9894
1250 5397
1634 9364
577 7042
2955 4726
2511 8836
3058 7803
5354 5671
1474 4497
3554 4604
7803 8585
3434 9496
3219 9167
2661 5470
1430 9139
702 8836
2365 2955
766 8783
1634 2545
3044 9855
7347 8467
4148 5256
4437 5085
6394 9577
4420 7803
1738 9138
4484 5940
1139 5755
4784 6020
2455 3923
1563 5192
3293 6776
176 7079
3522 3816
4516 8936
4048 7998
692 7115
2437 4985
408 7974
2179 5085
1881 5172
4645 9848
342 8508
7077 8743
3228 6973
783 1312
4560 4894
2967 5350
2289 8424
7803 8831
5087 5279
4275 5279
3972 6130
2251 4497
5792 9740
1357 3615
5843 7920
987 9631
310 5379
3346 9376
255 2442
1730 3781
1522 4609
1267 7177
2382 9133
2091 5989
6634 8913
618 8847
5938 6075
68 1298
4911 7598
4539 8134
4212 4516
4497 8716
547 2545
430 1128
150 9879
5324 9482
738 4752
3537 6067
2300 7905
1941 8971
5281 8658
878 7415
2696 7998
2469 8716
1027 8167
3972 5208
1109 1902
3494 4516
5345 5469
4497 9908
695 5626
6998 9131
1033 3367
4604 8122
2503 9299
1258 6035
4556 8913
6776 9020
85 3849
2785 8314
987 4344
2785 7597
855 8838
3514 4348
2828 4993
5561 7810
2032 9080
3743 8658
6 7016
3330 4574
4303 9246
4716 7920
7363 8376
1094 7026
836 2545
1605 3596
1150 1902
466 4425
3781 4180
7832 8920
5561 5727
1085 6346
3029 5523
3816 7871
1183 7905
1869 8175
6581 9552
2678 3833
286 6661
1257 1702
286 2264
3293 8175
3001 6703
1660 2292
2434 2991
1862 4088
7276 9354
6483 6678
5475 6678
1930 6473
6321 8995
2627 3737
503 5846
2382 3116
6331 9616
3827 9707
1277 8090
4836 6581
5192 8410
6123 8890
1461 8508
68 8228
4212 9552
364 7601
5422 9453
1874 2126
1801 5104
2186 7616
3600 7913
3212 6075
1461 7075
2120 8658
1002 1055
7550 9167
3178 9203
6536 8314
1580 5470
2533 5508
3046 4164
6998 9482
2545 7597
1171 7992
950 3197
1034 5209
2317 4415
3116 8424
6371 7373
3800 6749
3116 4836
7542 7832
1634 8314
2010 4873
5914 7843
1902 8134
5756 6812
8345 9022
5757 5780
4550 7614
1869 4716
3080 5188
2745 3127
117 878
3681 4609
3826 9299
6724 9715
3549 4141
8787 9570
4516 6978
1128 4148
3852 7623
6354 6444
6251 7486
2409 6678
6341 9759
1665 5430
3936 7913
7165 9225
1438 7347
1109 6263
279 6989
579 4645
2225 5655
4516 4607
1336 6839
3650 7556
4164 6672
6444 9922
4539 8609
3334 7928
2303 7992
1302 4415
2181 9299
1170 7598
4260 9133
2898 8924
616 4614
3955 5639
614 2678
60 8783
76 8252
302 993
2797 3653
1870 4420
4882 7036
5756 6064
4550 6812
1605 5570
1499 6276
2107 9325
6327 7577
3001 4238
1461 8794
6321 8971
982 5398
2289 6312
1497 9480
6764 9078
6740 7197
1540 8308
4379 4965
6850 8215
1559 4425
8763 9729
7390 9620
2033 2181
3574 4634
361 5430
3450 6163
1123 5087
9945 9998
2033 8941
4256 9577
1277 1540
1821 5859
3829 4663
900 9641
702 6740
1614 8006
4170 7358
466 6022
3829 9327
5215 8240
3994 5771
694 8075
498 5651
7347 7387
738 7026
1336 7216
6998 8467
2120 6064
922 2036
1438 9364
4716 9020
2179 7482
942 2126
585 8354
3783 4438
2519 8182
1464 8968
616 2980
6696 7248
1171 3578
342 2317
6532 8424
6075 6792
1622 3816
1964 3149
6031 6792
2248 6251
5379 5642
6275 8501
2881 4141
2131 9501
2455 4256
7887 9197
4577 6035
773 6578
1108 7810
2511 8424
4256 7871
3175 7151
7149 7952
1605 9139
6225 9139
2120 9299
702 1870
6395 8763
1709 4155
547 9364
182 2477
3829 7244
2168 3239
279 2678
3058 3522
2503 7614
1128 4275
2289 9552
6395 8716
933 1057
2143 4197
3994 4033
4516 9900
4248 9644
589 2574
2519 4153
5192 7928
5931 8240
8794 9922
1964 6394
7920 8175
1362 8540
9126 9855
4275 5256
4120 9998
1171 8134
136 9755
1123 2036
268 3743
6578 9268
5281 8941
3586 5846
1560 6742
1109 6536
1622 7089
630 1871
3539 5060
3852 4716
6130 9759
3001 3379
5755 9139
596 6064
1438 6263
1730 6231
3577 3743
3851 7115
1815 3201
1295 4094
4248 4610
483 6812
1769 1862
577 3114
4965 9894
1277 4321
9480 9900
3804 4462
5350 8606
3681 7781
5469 6117
724 3481
66 4095
4979 8809
6 6839
3127 8175
3868 4985
6 7809
710 7992
6263 8134
6312 9133
2011 4607
1302 1927
3522 4256
6792 6839
3178 3279
1869 5843
3379 4238
8215 8540
3833 4425
1660 2010
4438 8176
5402 7346
3044 4170
860 6143
5355 8092
686 1562
4321 7803
3127 4645
701 1946
4539 5208
8424 8836
1801 8688
3 4516
6740 8354
3806 8092
5345 5792
476 6747
5887 8621
3114 4516
1979 5402
7387 9482
616 5931
111 7482
341 6413
2387 8262
3293 9848
5878 7216
1920 9696
5651 6117
7964 9627
2091 6618
5592 9872
7597 9220
3698 3798
6839 8743
3783 8176
475 8797
5090 5626
1822 3127
6236 8749
2762 6488
521 7435
1438 6536
1649 8893
5624 7992
4420 6581
1540 3638
3972 7387
3330 4713
282 7542
4344 5469
466 2284
1336 4140
6312 8836
7216 9006
331 2952
109 7862
1034 1357
2066 5870
3228 3557
1498 3476
1964 3058
6840 7616
1109 3578
3212 6444
3984 6810
5803 8648
1438 7992
1336 3783
3091 7101
2317 5938
1134 3685
3279 8000
1128 7171
6756 8887
6341 8467
1538 6562
8105 8508
3396 3986
3058 4778
987 1464
1357 1563
2559 5365
6263 6341
2559 4437
8816 9900
4836 9480
6547 9325
2945 6395
4468 9042
475 2559
6218 7663
4120 9242
6031 6444
3671 8514
1128 8501
1362 7789
1426 2110
6741 8108
4088 4836
4484 7375
7216 7368
2302 6792
6269 6678
995 1869
2881 7323
596 4250
5859 6548
1660 2240
1298 4699
6035 9376
927 2574
1072 6022
290 8743
1660 4846
2110 9487
4212 8816
2320 9627
547 6263
2559 7031
1277 4033
1505 2678
2952 7127
1085 4873
1622 6321
4666 7864
1730 4180
773 9268
2655 7871
60 4576
8587 9042
1497 6581
4437 5245
3486 7995
290 6792
4088 8836
1194 1622
2646 9941
547 9759
4468 8405
6634 6993
4293 9376
2066 5755
4148 4275
3572 8270
7075 7375
1964 6321
710 8134
5558 7597
4986 5852
3 2511
4702 8198
6285 7062
2713 8718
7803 8308
260 5501
878 3994
5624 8467
3218 9325
702 3494
3743 4609
43 5104
6137 8528
6436 8978
3127 7601
2477 5209
2533 6872
1155 3827
258 3743
1634 5624
5098 5989
483 5430
6225 6436
5559 9676
2409 9167
5469 9138
933 8463
6004 8308
5158 7957
5019 6354
3549 9787
4516 6706
1461 8262
942 1874
3880 8760
43 4303
6216 6291
3526 7373
2451 4428
2994 5724
2511 6312
3126 8244
5545 9482
1150 2545
6779 8994
3737 7244
1109 5558
3 1002
1034 3993
1605 5870
4836 8936
2175 6351
3554 6137
1665 6064
2991 8049
5947 7546
4058 8345
5983 7718
6536 9482
1302 6839
1150 5545
585 2745
2440 4873
1752 5670
605 1194
5245 7230
3201 8846
4931 9570
2511 5947
3026 3928
1505 6989
5938 6839
336 7392
2303 6341
340 2872
2669 7964
1109 2545
4088 9133
2042 8025
4806 7595
987 7084
4438 5940
6839 8105
2877 8516
2455 3074
43 3383
4293 9879
510 1519
8912 9922
2387 9964
1822 9020
2598 8941
5938 9964
1634 8134
2387 4438
2455 3058
361 3743
2655 3923
4212 7546
290 2317
1361 7542
547 5545
4344 5345
1821 3059
182 4577
3074 8971
1711 1801
5568 8540
4462 5090
4001 4634
1622 4153
255 987
9026 9440
1665 9299
4894 8994
987 5469
6923 9848
76 5211
2185 6143
3830 9890
8232 9733
3219 7256
710 1150
2630 7492
6346 7356
8638 9184
2785 3092
648 5190
2320 7964
1022 2179
6114 9080
9862 9950
1467 4516
666 1748
361 2503
4645 4716
475 4783
1194 3074
4380 5087
2582 4957
5256 6275
2120 2598
5869 9120
5010 5651
4082 9825
2225 9960
579 3175
1559 9112
2511 9900
1538 8305
7577 9327
3220 7789
255 6810
3833 6989
3471 4401
1769 9552
1964 7803
5433 5727
7026 9569
182 2609
279 4914
724 9634
4713 5256
3219 6678
6776 7197
3781 6231
6923 9020
6165 7084
2952 6678
3212 8189
1634 7992
1846 9314
2317 4438
4250 8143
2696 9376
2302 7016
4321 8308
1139 2945
475 1022
1109 9759
1822 3852
255 6117
6 8262
7616 7952
2750 5405
3577 8941
5209 9376
3212 8176
364 7623
2469 5570
6444 9964
6989 9112
579 8752
4420 8090
1701 2440
4321 8669
2559 6703
4148 8501
6470 8244
4484 7809
1634 5545
165 1672
6283 6661
6529 7154
1170 5508
577 6581
4437 7230
2658 3019
2519 3279
4609 5353
5686 6163
1170 3358
3877 9501
1927 4415
2010 7356
3396 8590
2066 8763
6022 6989
1277 4420
4986 9879
3127 5843
1538 4420
2365 5921
8609 9364
785 3619
5550 5724
2582 9012
8669 9820
4806 6089
331 8716
2807 3453
9414 9482
5847 6206
6 3783
836 2672
2688 5523
6776 7151
6114 6404
2872 9297
60 7811
2556 4738
1302 7016
3800 5670
1622 6394
6394 8971
6696 9855
4607 4699
1621 1725
1430 2661
4088 4260
1002 8424
4250 4550
7614 9896
1795 5027
4146 6166
4321 8355
5350 8688
3364 7838
1540 4321
430 3330
4778 8585
3026 3797
3719 5250
702 1869
5036 8912
3537 8694
7546 9133
4646 4701
1538 4321
5671 6035
3 577
3058 8995
2745 3175
1170 9235
5470 9139
275 8463
1723 9497
3338 3574
1302 3783
3522 9577
5365 7031
9242 9945
1538 8419
1139 9729
5208 6130
3719 6477
88 4822
3638 6004
111 475
3119 6786
1336 6075
5875 6067
7967 8485
3074 3816
1982 4594
1194 8971
2181 5756
1430 1474
6897 7540
7375 8176
3596 3612
6618 7344
4250 6812
2382 6581
6502 8809
396 1522
4033 8419
5558 8467
2533 9235
6130 7387
3522 3904
258 6978
5859 7244
665 7000
5188 8308
2678 4425
6185 6259
3338 4634
389 3112
3059 6327
9046 9182
361 2120
4516 8836
258 4609
5508 6872
5727 8252
3074 4256
154 1153
6413 7320
2519 8000
2980 5931
7809 8508
465 1862
1464 6810
5027 7219
3992 5862
5208 9414
9820 9966
521 4783
1538 8355
2511 6581
2289 4836
1461 3212
6883 7195
2455 7803
2545 5324
4117 4428
1605 6395
361 1665
2284 7115
8592 9941
724 3432
5843 7197
3 171
2434 6686
3681 7000
7803 9294
1369 7482
6741 7788
1634 7387
2598 3826
2181 9896
4459 6623
2303 6998
5065 9376
4212 9480
4726 6477
3351 3992
8873 9620
1312 4738
2970 5085
614 1072
3852 4645
3577 6064
1194 7089
521 2311
5281 7611
2172 7718
3615 7998
6488 8974
268 6064
6133 6331
6394 8995
5188 8831
2289 7546
1653 8558
2945 5755
3534 6012
4212 6581
1055 9480
5188 5771
451 7368
68 9926
2302 4415
2125 5875
1038 5346
5513 6785
5163 5755
1497 8936
1964 3904
361 596
5256 5279
1711 8606
2143 5860
2477 8410
7359 8314
3149 7871
7896 9416
3852 6689
1381 8763
712 8656
3058 7830
1033 4822
476 3944
6218 9012
3904 8995
364 585
6533 9712
1336 3476
1653 2292
6075 7075
1085 2010
6312 9900
4601 5213
3178 8000
290 1927
3578 6130
2387 5940
3127 6740
2661 8716
255 6426
8523 8671
7244 9327
4438 4484
2063 6220
3212 6031
1258 5760
766 4576
6473 9586
855 5887
194 8644
1438 8609
1701 7356
3092 4539
2409 6483
6114 9022
4074 8941
8606 9496
2475 9804
1808 5921
3743 7150
3059 9327
1725 7154
4516 6028
483 3826
296 6123
6346 9695
1438 7359
6740 7623
290 8262
3612 9598
4783 7435
3239 8656
2382 3494
4778 8182
2010 9695
6446 9598
1725 8566
3383 7029
4697 4819
1870 3494
1531 8540
2228 8582
2033 3577
5156 7013
1559 6166
686 1480
1946 7161
2721 9606
1302 6031
2317 8794
6231 8656
5626 7789
1430 5755
4539 6341
4516 8718
7089 7803
88 1033
6781 8025
692 4146
1820 6346
2303 9220
3827 9862
279 2284
2126 5914
2630 6044
8749 8831
4808 6640
3783 6444
873 1701
8501 9116
3638 8090
1738 4082
6263 7387
3862 8342
3116 9133
10 5211
3 6532
4286 9453
2545 7347
5774 9317
1438 3485
3219 6269
1258 5365
2264 9109
1171 3972
7248 9126
2643 8725
3149 4778
4663 5859
3175 5843
1211 3923
648 7999
2559 4783
2877 6285
8355 9294
6678 7550
3037 9409
2317 6839
258 5434
5523 5780
1464 5345
5065 5354
6361 9133
483 3577
1563 4048
4763 5152
3279 4256
1622 2455
7089 7830
7788 8108
2036 5087
5967 8405
5254 5977
10 1560
2387 4484
5558 6130
6341 7347
2947 6671
2090 5836
6285 8516
1962 7934
109 6547
618 7918
4778 8000
3026 5977
85 3890
2778 6436
7 4260
1583 7952
4666 6430
1150 3578
6810 7111
4179 6447
2678 3851
3681 6123
3953 7833
1748 6012
7691 8517
577 3494
3638 8831
3873 6488
2856 7796
4697 5172
6075 8508
268 6812
8147 9825
1045 3829
1540 8749
1474 1977
1258 4048
3638 4033
2696 5671
3829 9248
8893 9317
2000 8075
6426 8968
579 5396
3009 3591
2609 4293
865 7316
4212 9133
6891 7101
5167 5567
1953 7810
5085 5245
4966 9761
5430 8941
6064 8143
5682 9042
873 1972
2317 8189
1211 4336
1563 2240
6817 8815
5279 7171
4088 5947
2713 6028
3751 9879
5651 8362
1769 9133
1869 6923
5887 6470
3282 7928
6742 8614
6341 9364
4033 5771
2627 6548
3037 9755
1194 7803
88 3671
3972 7347
5756 8941
4577 5671
5327 7994
1474 6035
7344 8112
9203 9898
3074 3178
3415 5156
7546 9480
4993 7392
341 4293
3510 3926
577 4420
7415 9820
3190 3246
454 8606
268 8941
3993 4577
1964 3074
6678 9497
547 6536
836 6802
2198 3485
8314 8609
1902 6130
6075 7375
6236 8355
2673 5281
3058 8000
3228 7611
7387 9131
68 4699
1094 6590
4882 5799
2764 5130
702 7151
4966 9641
712 4180
933 4093
2469 5870
1634 2785
8913 9462
1769 6361
1580 2469
194 2227
5350 9246
1498 5692
1905 8479
8090 9174
2745 7197
4144 8376
5208 9131
7150 7614
4148 6414
6447 9894
6130 9131
1369 4437
4089 5421
3334 6206
3114 9133
5085 8797
3 4088
2655 4153
2186 9314
2089 5835
3293 7151
7216 8523
6444 7075
3522 7871
1361 8920
666 6012
4093 8190
995 3127
2181 2503
5209 6035
1467 6706
2302 7928
6064 7614
1277 1538
6053 8974
171 8816
1336 1927
3 2382
6312 8816
310 5898
4303 8688
2066 5470
8447 9945
3953 5696
2113 5277
2598 8658
5938 8262
1430 2066
1634 4539
605 7830
6130 9482
7830 8585
2709 4610
582 4822
4916 8376
5420 7833
3830 9389
6075 9922
547 9482
1723 5475
514 4144
7576 7731
4666 8677
710 1438
2764 5345
7084 7111
1450 8025
2240 4577
6004 8355
1665 7614
3612 6868
1211 2655
6361 7546
3385 8913
3797 7594
3239 3781
3494 4212
1660 1820
8566 9292
4379 6447
702 3114
1559 8172
2409 3219
2032 8345
40 5067
8009 8345
3346 6035
1362 5090
8354 9848
111 4783
1461 4415
1235 7588
3114 4836
1821 4663
701 5327
4437 8797
120 3934
2477 7998
702 7546
2284 4425
2059 7100
3092 6341
995 6923
4539 9364
2201 9572
1563 2477
1610 3239
5019 8345
5469 9631
1505 4425
630 4822
518 2444
4847 7896
120 1301
7459 9875
1109 7359
3383 4303
1277 6004
7684 7817
6067 6444
3944 4459
5917 5931
2598 4074
3080 9174
5792 7084
7387 9414
1089 5156
7075 8262
2955 7852
5090 7789
176 5898
585 7151
6031 6839
6275 9574
6444 7928
5475 6269
1784 5641
6117 9631
5430 5756
5671 9376
6165 8147
1109 7387
3046 4821
3126 5887
7347 8314
2213 5067
2011 4699
4074 4609
1055 2382
3615 3993
6263 9220
117 7415
712 6231
408 2031
4847 9436
4516 7042
702 3293
1846 7149
4148 9574
5792 8147
2762 8974
1150 8314
2289 4260
8816 9480
5947 6361
1559 7115
1464 2764
942 5914
3091 8231
1927 6839
596 6812
2856 6477
1660 7449
4516 4699
8504 9080
1002 9552
1461 8105
7171 9116
1902 4038
4212 9900
605 3522
6532 9133
1538 4033
730 944
1109 3092
4699 5277
2874 5725
1941 2655
2503 5430
466 3851
5558 7347
3 6312
4425 6989
4248 4940
2181 4609
4836 8816
4873 9695
2000 9696
7337 8994
1822 4716
6969 8466
3972 7359
2434 5355
8105 9922
2120 7614
3992 9245
111 1022
9787 9901
2678 6166
4082 6198
8112 8766
702 1497
65 8638
2302 8508
5208 8314
1715 4155
6621 7666
5234 5581
1057 8463
577 2289
738 6514
268 1665
4757 7344
2609 3346
4560 6779
605 1211
377 9268
7576 9988
4344 6810
6536 9131
2970 7435
1927 2387
2094 7820
72 5780
3617 5504
3638 9294
2673 3228
3059 8994
255 4082
3513 6028
2477 3346
2627 8994
2221 4237
3026 5746
5434 6978
616 5774
2373 6868
290 6839
6067 9394
150 1621
3619 7392
5799 6558
454 1801
3926 6678
4713 5422
1862 9552
547 2785
4614 5931
1499 7722
336 4993
451 1336
8308 8831
2764 6117
2251 5470
2181 6978
514 8167
1801 3434
1381 1605
5523 8540
4516 6581
8447 9998
7111 9631
5468 9354
7952 9314
577 3116
4310 9941
1085 1660
4275 9116
647 8506
695 5090
5430 7614
1540 9820
1605 2373
2405 8583
2945 5570
1905 7152
7546 9900
1953 4431
1634 6130
1474 1580
2519 2655
3059 3829
4604 6137
1438 6341
702 8175
17 3782
3293 8752
3987 8231
255 9138
5152 9548
1302 3890
6341 8134
3080 8090
547 7992
585 6776
4146 7115
7151 8354
1820 2440
5158 9761
2503 9896
282 7832
5504 7909
5256 8501
2545 8134
1450 6781
8354 8752
4321 9820
3577 4250
1822 5396
2721 7197
2289 9900
724 7556
4117 4677
2673 3557
2382 4212
6245 9409
1795 9979
1649 4614
5938 8176
3 9900
1369 7435
4290 5231
1087 6487
4873 7356
7084 9631
1821 8994
6891 8231
1298 3283
8198 9052
2227 5671
6792 7928
4539 6998
7089 8585
5211 7810
2248 7486
6004 8090
279 6022
1467 7538
220 1295
2967 3447
1964 3112
3577 4609
4516 9480
3220 5090
1002 4420
1941 6321
1139 1474
4179 6476
3494 4088
6361 7042
1964 3279
3126 8838
268 4074
5470 9729
3396 3447
8787 9078
5433 7810
3037 6245
7588 9416
5434 5756
109 2107
5470 5755
5523 5757
605 4256
88 630
8508 8743
5215 6123
43 454
1964 2519
36 2131
242 3636
5792 8968
2049 6121
1369 7230
3032 4117
1461 4438
4718 6786
1430 8716
4079 9225
9131 9364
1411 5869
1634 7597
7151 7920
3279 7871
6031 9964
1211 3149
2545 6802
1822 8354
1964 6121
5397 9265
8809 9615
1139 8716
6998 8134
1194 1941
3 3494
1815 4699
6275 9453
5843 6623
3074 3923
2037 6950
1278 5010
1943 2861
2998 4824
6810 9138
9394 9715
342 2302
692 8172
1301 9112
4716 6923
1381 2251
964 3362
1055 9133
364 3293
878 8355
3197 8553
4823 5780
2091 5290
1801 8770
5156 7598
4645 7151
547 1438
2709 9718
3358 3415
2215 4093
702 7042
5898 7079
730 5152
148 5288
342 7075
5977 7216
1250 5353
1150 9131
2545 7359
1123 6996
7359 9482
2302 6839
2661 8763
1194 8995
1141 3148
1634 3578
43 9246
2775 7219
605 8585
1045 5163
2424 6846
6 2317
3460 8569
4438 7928
3080 7803
1258 9376
8686 8887
2830 3190
1660 2440
8354 9020
1022 7230
514 8376
430 5279
710 9759
3379 6703
4438 8794
4577 8410
1089 7598
1821 3829
5752 7817
8306 9297
6548 8994
2185 5846
3074 6321
2319 6817
5843 6923
2745 9020
4497 5870
4965 6447
6755 8198
605 3058
585 9848
1583 9314
2193 6634
1055 8836
3029 8540
2387 8176
2582 6218
6165 7111
268 5430
4716 5396
9139 9908
2552 9879
1522 6087
4146 4425
5126 7887
1927 8794
1822 5843
1820 1972
5624 8314
5755 6282
361 4550
3351 7127
7920 9020
3596 6446
4576 8783
1738 7084
2627 5755
5192 6206
557 9203
3737 5859
76 8614
6130 7597
1474 5470
4261 6868
8419 9966
361 6064
1362 3220
258 7614
7809 8176
4256 8971
7244 8994
6276 7722
1443 4274
6810 8147
3816 4336
1559 6989
2437 2561
9729 9908
1430 2469
4462 5626
3547 5681
1002 9480
1964 4256
1461 9922
3058 6394
5570 5870
2598 6064
8648 9242
3041 6147
1538 9294
4306 4763
4336 4778
2967 9496
2172 6216
3826 5281
3127 3175
2289 8816
3577 5281
3460 5158
1301 3934
1756 9967
6839 7928
5085 7230
1150 1438
4778 6321
1869 9848
5405 9408
8100 8304
1168 5245
4275 9574
6 290
1927 8262
1128 5279
1065 2816
579 6923
616 2102
6256 9048
5254 7216
4344 5130
2027 4222
3114 6312
5192 6035
148 1040
1336 8743
4088 8816
171 4260
1150 6998
6075 8105
2721 4001
1634 5324
692 2678
1211 1622
117 1538
3297 8648
3534 4991
6361 6581
1862 8836
3494 9133
10 7810
8978 8980
1022 8797
6130 6263
3578 8467
4048 9376
2375 9048
2750 5836
4625 7489
7597 9482
3578 7992
5757 8540
377 6578
5570 9908
1953 6742
3116 6312
585 1822
8763 9908
1701 1972
3537 6354
2709 4248
8314 9759
2302 4484
616 1649
2387 5938
2110 6488
279 4425
7998 8410
7482 8797
2503 4609
454 3346
1795 2775
361 7150
7992 9482
279 1072
1730 3239
1927 7809
1540 5188
1540 6236
3816 8995
1869 2745
2826 7999
8980 9139
2303 8609
3670 8485
483 8143
5755 8716
1559 3833
1194 6394
8308 9174
5840 8813
6212 8439
2646 9202
1255 7722
8787 9326
361 3826
521 2179
5437 8232
3364 6185
3403 7197
7347 7992
4701 8558
4778 9577
8000 8585
5188 9820
5568 8074
1941 3074
6515 8294
2181 4074
1153 3800
5405 9164
5931 8893
3127 7623
6805 8112
3577 8658
2721 4634
3293 7920
1941 8585
2409 7256
2672 6802
2689 6993
85 2201
2531 8917
7 171
7838 9046
1694 7337
6394 7803
1738 6810
3074 3279
6483 7594
774 2697
1277 5771
1497 8424
6282 7337
7830 9022
6536 8134
2302 2317
2251 2469
171 8836
5746 6483
2120 3577
1702 4038
5545 9364
1461 5938
7375 8743
1723 3219
2655 4256
3666 9080
3783 5938
5390 5634
1538 3994
5433 5637
2387 6075
3666 5550
7347 9414
4556 6634
1461 7375
1723 3926
1649 5774
7796 9373
9246 9496
3596 4261
6581 8936
255 2764
3984 4082
1940 5327
5279 9116
5859 6327
1369 2970
1038 8405
2826 3670
5065 8410
860 5846
1438 9220
6978 8941
8606 8770
5940 6031
1738 8968
2477 5192
2382 7546
1038 4089
5967 9042
8345 8694
2599 4971
323 5567
1158 3481
483 2598
6404 9022
7974 9794
931 5234
466 6989
3972 8134
5396 8354
6236 9294
1977 5354
665 3681
2658 8148
6839 9922
5086 5868
6245 9986
1002 4836
7281 9373
2967 8688
1649 2102
2721 9020
987 5345
866 3482
6328 7622
279 6166
521 7230
3526 9112
964 7486
3880 7862
7084 9138
1769 7546
2630 8516
2455 8585
7623 9848
3074 8585
1034 1258
7093 9112
1741 6703
3923 7803
702 1862
2303 5624
872 2658
1139 2469
7928 8176
4064 5234
6263 9364
3522 6394
8175 9020
258 4250
1876 3119
6123 8240
6064 6978
1150 7597
2598 3577
1139 6395
1538 9174
6394 7587
1438 8314
2630 4270
2517 2721
1870 6532
3005 7918
1139 2066
3655 8717
4074 6978
7026 8646
2503 7150
8592 9202
4256 7803
2387 8508
521 4437
1674 9794
5256 9574
585 9020
1605 9729
4734 8569
3972 9220
6426 8147
957 8198
799 4993
1474 2251
4663 5755
4539 7992
2511 7546
4033 8749
3833 4146
43 1711
2559 4238
2655 6394
6269 7256
476 4459
4574 5422
290 8176
1211 8971
1941 9577
4415 4438
2661 5755
2655 3074
3577 8143
2750 9164
2303 6263
7809 8262
6587 8582
3116 4212
1870 6312
3890 9026
1821 5755
1178 3282
2599 3696
3396 8148
4415 4484
7623 9020
2125 6216
987 6810
4120 8447
6312 8936
4420 8669
2118 6161
4726 5921
373 5288
2110 3873
7809 8743
3826 6064
6 6075
2745 3293
685 7127
4889 5269
4082 5345
5513 9620
1438 9131
686 1255
434 9669
1559 4914
6868 9598
4783 7482
1756 9644
694 7440
258 4550
878 1277
6044 7062
5755 5859
4577 5192
5126 5914
5353 5397
3862 7862
7359 9131
2168 8656
2519 6321
1808 7852
1634 9220
1957 3178
2107 4283
5558 6536
4718 5922
1580 9908
1622 7871
3116 8816
1723 6269
518 9641
1109 8609
1870 5947
6776 8354
1738 7111
258 361
6764 9570
6021 6435
2609 5671
2696 4577
2455 8995
4079 7165
1250 5379
255 5345
4043 5010
5281 5434
76 5637
1622 3522
1170 6997
6067 8694
6872 7013
1871 3367
4625 9326
1752 2092
1150 3092
4716 8752
4344 6426
2108 3798
4250 9896
5209 8410
2627 7337
5192 5671
8252 8614
2110 2762
3737 9327
6031 8743
364 6776
3279 3816
2033 7150
647 7013
5755 9327
5422 9574
4720 9733
2382 4836
1072 6166
13 8838
8167 9203
804 9730
1395 7036
1336 8189
6236 8419
454 2967
7 6532
2382 6361
8000 8971
7000 7781
1665 2033
2517 7615
5843 9848
2659 7594
2561 6618
1741 6658
878 9294
3923 4778
3367 7663
6998 8314
7601 7920
1438 2785
2032 6469
1357 4577
7042 9480
2840 9950
993 1784
4646 8558
3804 5174
3 4212
1941 3904
1258 3346
2317 9922
4321 9174
4088 9480
2487 7152
1168 5085
68 6640
6533 7585
7415 8419
117 4420
3 3114
4550 5756
625 3476
8831 9966
171 9133
6532 7042
3201 3283
5558 7992
4977 7934
9364 9414
1381 2066
7390 7905
1741 2530
2609 4577
1166 3799
7660 9888
4438 8262
7149 7616
1634 8467
3080 3994
2469 9908
1022 7435
5036 9922
3114 6581
1748 9070
1869 6740
3816 7089
302 8958
1109 1634
577 1055
2829 3946
2409 6269
1328 9389
9950 9998
4438 8743
555 6247
3992 6244
8009 9080
3783 6031
6420 9139
4336 7803
710 4539
5104 8606
1540 8831
2511 4260
6321 8000
6165 6810
6515 7188
5324 9414
3279 8182
6275 7171
4420 7042
364 3175
5250 6920
3058 3074
1972 6346
3178 6394
1328 5986
3994 7415
5086 6245
498 1278
2387 9922
3059 7244
2627 6327
483 5281
389 2049
8467 9482
5188 8419
6283 9012
5269 6707
2036 9754
2228 2646
475 1168
3127 8752
2646 6587
3362 7486
4275 6275
2598 5434
7347 8134
9552 9900
342 2387
5104 9246
3783 4484
4250 5756
9187 9733
6341 6998
1277 9294
3833 7115
3029 5568
182 7998
5624 6341
9755 9986
695 7789
1034 1977
1267 2807
818 5504
596 8941
4079 6451
1950 4274
2874 3953
498 8362
5700 5898
614 6022
1972 2440
4516 9552
2317 6031
290 342
1869 4645
4260 8936
6792 9964
6483 7550
5434 7614
5469 9825
2311 6805
3240 5156
6 2302
2382 8936
8355 9966
4609 8941
1139 1605
1535 5780
3829 5755
3829 6327
1634 6998
5281 9896
9164 9408
4415 7809
1 1534
1076 6566
5433 5561
2118 6463
1870 8936
1072 4146
1378 6153
5792 9825
4985 6618
3127 3293
8228 9297
1497 3114
2764 6165
995 4645
2980 8893
6147 7961
2181 4250
2049 3735
758 6244
1456 3068
691 7154
4716 6776
5196 6331
1497 9133
3600 4742
5190 7967
1171 2545
364 5396
4250 6978
993 8815
1497 5947
3636 5352
6536 7347
2251 6395
710 5558
2900 6623
8424 9133
1438 1634
2289 4088
4836 6312
3816 8000
1055 9900
171 4516
701 1141
2627 7244
1362 5568
3591 5131
5967 8587
1738 5130
10 1953
1182 5360
995 8175
491 3526
358 9078
5727 7810
7101 8231
275 933
3522 6321
3670 7999
1930 7838
767 6215
605 2455
2387 3212
3743 8143
5592 7440
5442 6850
258 5756
296 5931
1456 5067
4293 7320
1943 6085
258 2598
4556 8383
1580 2066
5130 8968
5940 6444
1168 2179
1250 3681
2303 9364
957 2109
5146 6283
5653 9496
702 3852
3092 3578
1357 2477
2181 6812
4379 8048
2709 9967
466 692
5755 7337
1634 2303
7016 8794
4550 8941
2896 3719
1540 8419
65 982
3058 3923
1881 2747
1941 4256
4846 7019
665 4883
4716 6740
5010 6117
1977 9376
1605 2469
6581 7042
5345 9631
5167 7406
2655 6321
2967 3434
1672 7323
6189 7974
1694 6327
6792 9922
7616 9314
1730 3310
2785 9482
296 5917
1540 7415
4082 5792
2382 4260
3849 9572
3946 9548
6117 7111
8049 8092
1211 9577
4645 8175
6532 8816
6950 9215
3346 3615
6312 7546
154 1752
2193 6993
1055 1870
5875 6291
1821 2627
4716 7623
5174 8719
2945 9908
2955 5921
4197 5860
8176 8262
2561 3868
6022 8172
2438 8879
6640 9926
4819 7660
3208 8708
1467 4607
2032 6114
2225 8841
2545 3092
342 6792
1302 6444
6581 8836
1622 4336
1820 2010
2658 9416
7597 8314
3091 3987
10 5561
5361 7787
66 224
5780 8540
2455 4153
6839 8189
6117 6165
8172 9112
4986 7100
1336 5940
3994 9820
1108 1953
836 1784
454 2092
4625 8787
1870 4836
1362 5780
694 9669
5592 6407
2240 3346
3681 9265
3080 7415
3112 3735
1235 2658
5875 9438
4404 7577
6 4484
6312 9552
1194 7830
7337 9327
4260 8816
3127 7151
2033 4074
3947 7909
2643 6054
5420 5725
4336 7871
4088 8424
1870 4088
2511 9133
2302 8743
8708 8719
1846 6840
707 2861
3001 6658
2185 6021
5624 9131
6740 7151
6022 7115
6998 9220
2519 3816
1822 1869
4539 9414
6825 7093
4079 7520
4431 5727
290 1336
2940 9254
1150 9220
2240 5209
1258 5209
702 9133
5887 8838
1139 2661
1474 2696
7992 9414
702 2721
3364 9046
3586 6021
2697 5398
5917 8890
2598 5756
491 6371
286 9600
3114 8424
6216 9438
3338 4001
7359 9364
2455 4778
4082 6426
605 3904
7550 9497
5308 9453
1941 6394
3953 5420
3127 6776
1941 8995
4609 8658
2659 5746
694 6477
995 7623
6269 6876
466 1559
3852 7920
4847 7588
2853 3798
6978 9896
5755 6395
265 575
2039 3294
1902 3092
878 7803
785 2828
5188 8090
111 521
4140 7216
6840 7952
710 9220
3178 7089
1808 5708
5398 8638
4344 9631
8743 9964
7614 8143
8167 8376
6075 7928
7161 7994
1034 5065
1694 3059
2609 8410
1711 9496
2172 5983
2375 6161
342 9922
4966 8569
6536 7992
2532 8306
8688 9496
1822 2721
2066 9729
342 8743
1546 2437
1560 8614
2487 8479
5624 6536
4264 6212
4609 7150
614 4146
521 2970
3600 3936
5574 6163
7256 9497
5977 6483
2991 8813
6636 9821
1134 7492
596 4550
3208 8719
4089 5967
1497 2289
4916 8167
7075 8105
6031 6075
5422 9116
730 9548
8190 8463
8816 8836
4236 4355
6236 7415
1905 6232
4088 7546
6031 8262
2442 9138
710 3092
3074 8000
1622 8182
7868 8304
5214 7833
6341 7597
8355 9820
2658 7896
3904 6321
1258 5354
2519 3074
8244 8621
4663 6548
6779 7887
3816 7830
1178 7928
7830 8345
577 1497
724 3650
5892 8193
2125 7981
1610 2168
3833 6022
171 4836
1336 5938
4873 6346
1927 8176
3058 8585
3199 7684
1756 2992
577 8836
1694 7244
5545 7359
5277 9504
5940 8508
1461 8743
3615 6035
4484 9922
2598 6978
1977 8410
3080 9820
182 5209
1072 6989
3829 5163
2213 2315
6514 7026
834 5898
1941 7871
4043 6117
3074 7803
3293 5396
4720 6869
3383 5653
6028 6978
1301 3698
3615 4048
589 927
7981 9438
1505 4146
4256 6321
6248 8718
1150 8609
933 1702
478 5592
5843 9020
2967 8590
1497 4420
577 8936
3852 6776
1133 1535
878 1540
6617 9988
5931 6123
7803 8995
6451 7165
5469 8968
701 3119
342 8794
3514 7346
6291 6351
2240 4293
5475 9167
3687 7838
3 4260
1002 8816
5756 8143
1869 3175
2251 9908
21 4274
4260 9480
5513 7390
2289 7042
1168 7482
1381 4497
4783 7230
1357 5671
5208 7992
7811 8783
109 4283
165 3549
6328 9681
547 8314
4302 4822
3577 5434
2627 5598
88 4302
4539 6536
4889 6707
1474 9139
483 4550
7 3494
2519 7803
3578 5558
6756 7403
1560 4431
5570 8716
1150 7359
1336 7075
6612 9821
1927 5940
3926 7550
1438 2198
1336 6444
2991 5355
1194 3279
323 510
2303 5558
6292 7934
3297 8447
3698 3934
3685 7492
5724 8504
710 2785
605 3279
7601 7623
3984 9138
7042 8424
5843 6776
4437 7435
6361 8816
3127 8354
660 1027
7957 8569
5130 5345
2545 2745
2552 6031
6269 7550
1139 5870
5700 7079
3178 8710
1605 3612
6785 7390
1072 4914
3904 7871
3510 7550
5655 9960
5353 6123
7843 9197
1801 2967
7722 8783
3513 6671
3 8936
547 4539
987 8968
3934 9112
358 9570
5846 6021
2785 6263
8582 9202
3068 5067
2302 3212
5065 7998
7830 9577
8671 9006
774 8638
1634 5558
1874 7843
3806 5355
2745 6923
9416 9436
1277 3638
5188 8669
2545 8314
5277 8273
3830 5986
8584 9855
1660 1972
3849 9026
5545 8467
1302 7928
466 6166
3037 9986
2970 7230
3827 6640
1862 1870
7810 8614
1778 9042
1943 5862
6636 7695
1808 2365
1108 2042
5434 9896
2696 5354
454 9496
666 9070
702 5396
2455 2519
2545 9131
8466 8917
5727 6742
7864 8677
6143 6435
3246 4327
6532 9552
2609 9376
498 6117
6394 7964
3092 9131
1531 1816
3293 4645
1277 5188
2240 5671
4832 8994
3826 6812
36 3877
5746 7594
3282 3334
2561 7344
3334 5192
4260 4420
1622 8585
1474 5671
4713 5279
4141 9901
596 9299
7577 8994
1298 8846
4058 6444
3175 7601
120 3698
136 3082
475 7482
3149 7803
2745 7920
5208 5324
4310 8582
7992 8314
4094 9009
2469 2945
2251 5755
7820 8737
4146 9112
8587 9373
3932 4797
4497 5755
579 7623
342 1927
2503 4550
1538 9820
3994 8308
491 7781
2945 9729
7614 8658
2175 9438
2240 4846
6578 8830
8648 9998
785 799
3058 8182
469 4986
5558 9414
2559 7482
6451 9225
4963 6089
577 4836
6064 7150
2373 3596
1977 5192
5624 7359
88 3367
1171 7597
2659 3797
1211 3178
7992 9220
7830 8971
4420 8836
1456 3784
3578 5324
4497 8763
6850 8540
1182 8787
1277 3080
5545 7387
2373 3605
5396 7623
76 1108
117 9820
3346 5671
5940 6075
6225 8978
2785 3578
1065 8887
1902 4539
5746 5977
4153 7871
6 6444
1357 5209
614 1559
13 6470
685 8716
710 3972
4985 7344
4889 7053
1738 4344
3175 8752
1808 2955
2559 5085
2059 5983
2365 5708
2011 7538
665 7781
2264 6661
7759 8254
2970 8797
5708 5921
5163 6327
6292 7214
2382 9480
8143 8941
7347 9220
7957 9641
4089 5346
5324 7387
691 9292
5130 7111
2503 6978
6414 9574
491 7093
2598 5430
3529 5977
1862 2289
855 6470
7920 8354
5379 7079
4321 5188
855 8244
2442 6426
987 3984
2317 2387
1977 5065
5558 7387
3953 5725
6327 8994
258 3577
224 4095
1583 2186
171 7546
2387 8105
1940 1946
2764 9631
1255 1480
7075 7809
364 1822
3092 5324
6 1461
2033 5281
454 5670
2373 3612
1040 7345
3116 7974
6897 7918
1784 2319
2289 3114
2658 3447
2530 3379
1258 2609
5774 5931
2511 3494
4179 8048
767 6442
1426 8974
4033 9966
1559 2678
3334 5847
6426 7084
6012 9070
6361 8424
8508 9922
4058 5019
3972 5558
2000 3719
3578 8609
1002 7042
3 7
3829 8994
8912 9730
1726 8126
2031 6189
1150 6536
4088 7042
2228 9202
2215 8463
2503 6064
4048 4293
579 5843
8917 9128
3114 3494
4117 6689
1381 5470
1480 7722
1580 4497
4415 6444
1194 3816
2528 9926
2785 9131
5163 7337
873 6346
2826 5190
1726 7461
331 3351
4420 4516
1258 5065
1183 2300
6812 6978
6269 6483
1927 4438
4153 6394
4957 7663
1634 9482
7151 8175
1788 2424
7359 8467
5430 9896
5211 5727
4574 5279
1862 6532
7375 8508
1505 7115
1461 1927
2545 9220
150 6413
182 3615
5846 6143
1964 3923
6196 9327
2519 4256
2940 8540
290 7928
4931 7611
7015 9606
3486 5442
2382 8424
6 7075
2175 6216
2303 4539
2517 9606
8523 9006
2240 4048
4088 6312
4148 4574
2502 8644
1563 6035
1649 2980
5792 7111
4819 5172
3522 3923
290 7016
3806 8049
5433 6742
5354 9376
1605 8763
1438 3092
6446 6868
3114 9900
3783 5940
1754 4117
5875 9394
1622 9577
605 3178
4468 5346
6269 9497
2561 8112
3212 7075
1711 5350
3494 8816
579 702
3059 6548
1784 9591
2900 3944
993 8958
6130 7992
110 8198
4348 7346
4420 8419
2240 8410
310 3821
2437 7344
3984 8147
361 7614
7999 8485
1336 7928
1369 8797
585 7601
5345 6117
1134 2118
2856 5921
2764 6426
1784 8815
710 6536
4946 6297
2655 8585
2125 6351
5346 5967
1965 6161
8815 9591
1822 3175
1430 9908
3059 7337
993 9586
8688 8770
7992 9364
4431 7810
430 6275
4819 9888
3481 7556
3 1870
4256 8585
4148 9453
596 5756
1769 3116
1964 3735
3364 6259
7281 8587
3852 8175
5087 7171
2471 7931
2609 5065
2090 9164
6117 9825
2303 3578
4609 8913
6932 8760
8439 9436
7 702
4082 9631
1033 8514
2168 3781
3578 6998
3494 6532
4420 5771
1665 2120
430 9453
1583 7149
3074 3149
605 8182
4275 4574
2877 7062
7216 9697
702 9900
1927 4484
3537 3791
6166 6989
1499 1562
7 6581
10 4431
2264 9600
2303 9482
6263 8314
9631 9825
5437 9733
1605 3605
2120 6812
692 1505
5211 8614
5188 8355
7830 8995
1055 8816
860 6435
1170 3415
3338 7615
3212 6792
3829 7577
3577 6978
2444 8710
6825 9112
3436 4380
2303 2545
707 6617
5192 5354
4088 9900
707 7576
4156 9879
117 8419
1171 5208
4153 9577
1139 9908
3383 5350
6327 7337
702 6312
818 3617
3114 7042
377 8830
7 4088
1461 6075
3994 4321
4574 5087
1653 3696
4148 6275
4806 4963
1302 7809
778 7214
434 5592
1559 3851
4609 9265
2696 3346
3453 8460
6812 9299
1108 8614
7387 9364
585 3127
3080 8669
2108 9112
6166 7115
2967 8770
8569 9761
9138 9825
702 2745
8405 9042
2630 6285
1461 6031
694 5592
5469 7111
547 9220
3218 6547
927 2143
117 9966
2840 3827
6004 9966
5986 9890
290 5940
2721 3175
514 1027
4574 5256
5513 9692
710 1634
1461 9964
1168 4437
5324 6130
3923 9577
5130 9825
1258 4404
4713 8501
707 7731
966 9420
1756 4610
2655 9577
1711 3383
7016 8262
8710 9898
872 1235
3367 4822
2747 6019
1055 4836
1430 5870
1336 2387
2477 2696
738 1094
982 6558
2655 7830
3993 5671
7868 8100
8569 9158
4120 9945
3783 7928
582 4302
1563 1977
6075 8189
2251 8763
1027 4916
987 6165
2440 4812
2688 8074
364 9848
6470 8838
483 2033
2959 5639
1741 2559
2511 3114
3522 8971
694 6407
3596 3605
3638 4321
6618 8112
3798 9599
1560 5727
5396 9848
702 1822
1634 6536
85 1302
2118 9048
4033 8355
1128 4574
483 2120
1622 4256
4539 5324
6742 7810
7089 8182
4250 6064
1329 7859
1055 4212
1738 2442
2530 3001
4179 9894
5430 6064
3547 3799
7154 9292
2570 4855
3058 8971
4415 8262
8175 8752
341 7320
3383 8688
60 766
9489 9681
8189 8262
878 4033
1022 1168
8669 9174
3434 8688
6815 8517
194 5213
3993 5065
3175 7920
5324 9759
2215 8190
2622 3396
6426 9631
3116 4088
4614 8893
1168 8797
1155 4808
547 8467
3994 7803
4497 9729
684 8710
2545 9414
7281 7796
2424 7978
364 5036
4401 9435
4327 5841
4275 7171
1094 9569
5887 8244
2661 5570
377 773
5484 7268
1902 2785
5281 9299
6327 6548
2552 6413
1769 5947
6785 8873
8995 9577
1170 7013
4539 7347
3228 6764
279 8172
589 5860
21 1950
547 7387
1540 8355
2602 8414
3904 7830
710 2303
3351 6678
6022 9112
430 4275
434 694
158 8528
2828 3619
258 8941
1632 4283
4468 8587
117 3080
1784 2745
502 7323
579 1822
966 4264
2066 2945
66 8725
3494 9480
6044 6285
2125 6291
8314 9131
1562 6276
120 3798
24 7373
7013 8506
5146 9109
475 1369
4156 4986
1438 6130
1634 9414
4716 5843
3549 7323
4058 6067
1211 7830
883 6200
6661 9600
5231 9096
5977 7594
1862 7546
7546 8424
4321 7415
5545 7992
4420 4836
1622 3058
2303 8467
5545 9131
4082 7111
1622 3923
1507 9890
2033 6812
579 3293
8305 9960
5402 7628
3279 8971
3080 4420
933 4038
476 2900
3994 8419
3737 6282
5561 6742
2569 7036
5756 8658
648 2826
1171 9414
577 4260
3080 5771
7075 9964
6587 9941
239 6247
3578 9759
944 4306
1801 9496
7 8424
5803 9998
68 8846
4404 7031
4082 5469
1881 4905
5434 9299
4140 5977
1674 6189
8355 8831
1430 2251
4074 8658
6 9922
4979 6502
2896 6920
4048 6035
1170 2533
3114 9552
2440 6346
987 2764
1211 8182
6612 7695
5947 9133
6839 7809
3294 5752
3415 4911
1171 8609
3279 7089
275 4093
4303 5104
2033 5430
7016 7375
7803 9577
1694 2627
2108 3698
5324 5558
7089 8000
9112 9599
3994 8090
3852 5843
6236 8308
5655 8841
2829 4763
3619 4993
255 5469
577 9900
1171 9759
1862 8816
2303 7347
8836 9480
6792 8189
5361 7902
6232 8297
3346 4293
4212 4420
6923 7920
5475 9497
5199 6373
2303 8134
3923 4256
483 1665
8134 9414
2697 6558
325 7788
3687 6259
3578 8314
4344 7084
1178 5192
3994 9294
258 483
3178 4256
6341 9131
255 9825
5592 9669
660 8167
2303 8314
701 3148
9158 9761
3554 8528
2440 7356
585 702
1089 1170
2856 2955
2387 7016
1369 5245
2661 4497
10 5433
8836 8936
4274 6566
4420 8308
3009 5131
1357 3993
2302 7809
5859 7337
6466 7219
3074 7871
1869 8752
4048 5065
5087 6414
4212 6532
341 2552
1972 9695
3928 7594
136 9986
2302 6075
5558 6998
483 8658
7489 8787
483 4609
5558 5624
2503 3577
1369 2179
4306 9548
1045 5859
8052 8112
2658 2967
2545 5558
5104 5653
6792 8262
6792 8105
3116 4260
2967 8606
2531 8466
7415 8831
521 1022
1822 6923
3783 8743
4752 6514
521 6805
6341 9414
1559 4146
6840 9314
1171 4539
364 8354
5792 6117
1109 9414
4119 7011
6114 8009
1795 5682
3338 7015
1870 8836
1464 4344
7177 8460
1141 6786
3330 5422
4663 9327
117 5771
2992 9718
1302 8794
1022 4783
3578 7597
547 9414
2785 7347
2303 7387
8936 9133
1072 1505
2409 8048
1438 7387
5086 9409
4256 7830
4405 8439
870 9187
1497 9900
2785 7387
43 2967
5398 6558
2856 9373
430 8501
8669 8749
3804 5626
3529 3928
6532 6581
3310 7173
6196 7029
4752 6590
5213 8644
3799 5681
995 7197
950 7431
5545 6130
4645 7601
3783 6075
4550 5430
2240 2477
2317 7809
5396 6740
3434 8770
2785 4539
255 8968
4752 7026
585 6740
2302 5938
5065 6035
4836 5947
3537 6444
710 6341
1610 8656
1170 5156
3615 4293
2829 5152
341 1621
3082 9755
2683 9600
253 2172
2477 2609
6 8105
922 1123
4415 9922
3696 4971
2028 8198
2092 3800
268 361
290 7075
5196 9616
547 7347
1378 5501
1255 1499
5870 8763
268 9299
1411 2797
3666 5724
5836 9164
2598 9896
1605 6868
1123 4380
1694 1821
2066 2469
2678 6022
154 3346
2721 2745
2109 9052
1795 7219
1738 9631
3804 7789
2240 5132
702 3116
1171 9482
454 5350
176 5642
7089 8971
5281 9570
2120 5281
3482 7931
239 9493
2179 7435
7150 9896
5550 8207
68 3827
4153 8585
182 9376
3178 3816
4855 5213
4609 6812
96 3947
1820 4873
40 2213
2945 5470
547 1634
6394 7089
2750 5231
6004 9174
9707 9950
475 4437
5192 9581
430 9574
2528 5731
9482 9759
2531 9128
1134 6161
4484 6792
4089 4468
1538 5771
596 3577
1821 6327
3984 9825
310 7079
1822 6776
694 3719
1002 6312
2315 5067
691 8566
5753 7449
1109 8314
2181 6064
702 4420
2655 3279
6558 7036
3923 6321
1665 2598
7230 8797
647 5508
4033 9294
3833 8172
774 5398
7084 8147
685 3351
799 2434
2126 9197
4212 6312
2225 6562
21 1443
1871 4822
4260 8424
579 585
4236 4401
3972 5324
6532 8836
5163 8994
964 6251
579 5234
744 6848
2696 6035
1109 9220
171 1870
3447 8590
2967 3019
56 3070
3436 9754
3059 5755
1665 4550
3681 5397
5277 7538
1021 6840
1464 1738
1151 1982
5470 5870
3091 6891
2303 5208
1820 9695
1660 7019
2317 8743
1168 4783
8134 9364
579 7920
2471 8876
2382 7042
4336 7830
2311 8766
582 3671
9294 9820
4438 8508
2382 6312
5989 6618
4614 5774
1540 3080
358 6764
176 7188
3936 4742
150 2552
4550 9896
514 4916
547 2303
2778 6420
2658 9436
2503 2598
290 8508
5921 7852
2683 4666
695 1362
1305 2502
4855 5599
117 1540
3346 5192
3127 6923
995 3175
1702 1886
3383 9327
1336 3212
4130 9838
8710 9775
5755 5870
5624 7347
136 5868
4808 5731
2289 8836
7197 9848
3851 8172
1474 2661
6548 7244
1801 5653
454 1153
4250 7150
4415 9964
2502 5213
268 3826
1171 5558
1665 8658
6031 7075
4847 7116
2629 4164
3178 3522
2646 4310
5345 8968
2967 3383
2559 5245
1531 8215
2721 6923
1870 9133
3885 8122
4226 5641
1194 3178
2721 9848
2284 4146
5208 6341
4645 6776
7151 9848
6225 6420
1769 9900
3383 8770
1258 1563
171 2511
3578 5208
547 710
589 8044
4514 5562
21 1076
3993 9376
5256 7171
3890 9572
2545 9482
2659 5977
5470 8716
1171 6130
2059 6216
2175 7981
2609 2696
3080 4033
2872 8228
2000 6477
8815 8958
547 8134
454 9246
4609 9896
919 2967
3994 4420
2317 7928
2438 9603
3685 4078
5146 9600
700 8716
686 1499
4293 6035
5345 6426
5130 6117
1709 1715
6341 8314
3403 7913
260 1378
7546 8816
165 7323
4074 9299
2696 4293
7116 7896
8467 9220
111 4437
5545 5624
255 3984
514 7363
3816 4778
710 5545
4560 4832
3827 5731
1769 4836
900 9775
987 5792
2113 9504
710 7347
1277 7415
7089 9577
5379 5397
4609 9299
2108 9599
5346 9042
3751 7100
9220 9759
1972 4873
6206 7928
491 6825
4609 6087
2609 5209
8941 9299
1444 5697
1045 9327
702 6532
4734 9761
1139 9438
2750 9408
6404 8009
3092 7387
3991 4047
1756 9718
2168 4180
2186 7149
3972 7992
9480 9552
258 4074
1977 4577
258 5281
4120 5803
3923 7089
3743 5430
2775 6466
6740 6923
6004 7415
2442 3984
2837 7576
1507 9389
3987 7192
6444 8743
5771 8831
6263 7347
4140 7368
8126 9501
3074 3904
1089 3358
1874 6779
8419 9294
4431 5637
4452 4556
6087 8913
3 5947
2764 6810
5475 7256
589 4197
4699 7538
4646 4971
7016 7075
3239 6231
7905 8873
3994 5188
1139 1580
1038 5421
5324 8314
2359 9659
1964 4336
3791 5019
6130 9414
2673 6973
1108 5211
2745 9848
9440 9572
1020 8284
1034 2240
1870 2289
6031 9922
198 2172
1255 1562
3364 5848
1538 6004
3383 6196
5671 7998
3783 7375
111 5245
3526 7093
5545 6263
434 478
3510 9497
5642 5898
1302 9572
5208 7597
268 4609
6312 7042
1622 7803
5087 8501
1665 3743
1108 8025
922 9754
2517 4634
7197 9020
3037 5868
342 4438
4153 8971
4420 7415
8506 9235
68 3283
712 1610
1194 3923
4577 7998
2302 8189
1881 7660
872 9416
279 1559
182 2696
1902 2545
2302 8176
1964 2655
585 7623
1927 8508
1563 9376
1474 9908
4685 5437
1634 7359
364 995
1109 3972
3279 3522
3434 5104
4823 7711
4645 6923
2994 3666
785 7392
2967 3605
68 2528
6536 9759
2655 3058
268 483
2840 5208
6341 7387
6404 6469
182 1357
6590 8646
2721 6740
2688 5568
8147 9138
6404 7830
1870 4212
10 8614
692 4425
1467 2011
1784 2672
3816 6394
3239 4180
596 4609
430 7171
1702 1902
491 4883
1166 5681
3294 5067
2442 2764
2033 5756
2442 8147
9655 9950
258 5430
1021 7616
5940 8262
358 8787
483 3743
5190 9490
2319 9591
1540 9966
2673 6764
799 5840
6444 7375
7320 9879
5639 6248
710 8314
5276 6220
6373 7571
2120 7150
579 7197
6161 6463
1788 2574
275 1057
1519 5167
2059 7718
5938 8105
1171 9220
2455 3816
1902 7597
2181 2598
8376 9203
120 2108
1957 9898
6792 8176
3367 4957
469 647
2721 7601
648 7967
8936 9552
8941 9896
4095 8725
5914 6779
7928 8189
4336 9577
1580 8716
2409 6876
5430 6978
2240 2292
3297 5803
7029 9327
1045 6548
7803 9966
6263 7359
258 9896
1769 4420
1381 2469
3212 7809
361 6812
4074 7150
3578 9220
2598 7150
1977 4293
5156 6997
342 5938
7928 8743
3471 4355
4966 5158
2511 7042
577 9133
966 4405
2519 7871
2630 4078
2503 5434
4420 9966
1302 4438
3 3116
995 7920
4310 6587
1464 8147
9131 9414
5379 9265
5396 6776
6444 8105
4275 9453
9012 9600
2031 9794
1302 4484
1085 1701
3737 7577
2437 4757
3212 5940
5231 5405
1336 5692
5036 9804
7323 9901
1941 7089
7111 9825
361 2598
1862 4516
4275 5422
1045 3737
310 5700
2181 5434
9299 9896
2627 9327
7588 7896
4043 8362
4966 9158
873 2010
1822 7920
3080 8831
3293 6740
3714 5254
7663 9012
6776 8175
2471 3482
150 4293
1357 8410
1870 2382
6998 8609
5234 5279
9096 9408
268 6978
2049 3112
4260 9552
3638 6236
6451 7520
1862 4212
630 3177
587 2630
6067 8345
7359 8134
5870 9139
1139 5470
4834 5878
6978 8143
8314 9482
373 7345
5104 8770
1870 9480
702 4088
1563 3615
7165 7520
6004 7803
4321 6004
182 4048
2442 8968
1464 5130
2916 5152
1941 3149
605 2519
1381 6395
6282 6327
4821 6672
2992 4940
7992 8609
1109 9131
4883 7000
1726 9501
1108 1450
7375 7809
1534 8460
4836 6532
3481 9846
76 7810
5172 9888
258 1665
2661 5870
7415 9174
577 1002
1329 4856
596 5281
922 6996
5771 6236
4082 9138
1605 4497
1754 6689
4882 6558
1211 2455
3415 7598
3923 8182
518 900
666 3534
6536 9364
1622 2655
6166 9112
5624 6130
1369 2559
3782 4222
7 3116
430 5256
3212 7016
5130 5469
5561 8614
4293 6413
6469 7830
3714 4140
4033 8669
1336 1498
6536 9414
3032 4677
3330 7171
6812 9896
596 3743
2861 3992
3178 8971
6839 8794
3783 8189
361 8658
3175 6740
5938 8189
3638 4420
110 4702
1580 1605
3212 8105
6263 9759
1748 3534
255 5130
10 8252
6380 7268
5208 6998
5558 6263
878 4321
364 3852
1328 9890
660 4916
1456 2213
4438 9964
7347 8609
1862 3116
3240 7013
8052 8766
1171 5624
1876 3148
944 2916
290 6031
1211 1964
4326 4625
5828 8134
1801 8606
3537 4058
7803 9174
1540 7803
2303 9131
3460 9761
7695 9821
577 6361
4452 6634
2292 5753
5098 6618
483 4250
1538 8749
1178 5847
660 7363
4250 5434
2669 9627
1055 1862
2302 3783
2033 9896
3219 6876
6012 7577
1464 9138
3984 6165
4148 5422
855 3126
5655 8305
2655 7089
6477 7852
2511 4420
4420 8749
3944 5843
5355 5840
3804 8708
1430 4497
2959 6248
2240 7998
1741 3379
5281 5756
165 4141
258 2181
6707 7053
995 3293
4610 9967
2721 5843
5345 7111
1965 6463
6414 7171
6028 6248
5771 8749
2036 4380
710 2545
3127 7920
883 7571
4074 6064
4212 8424
1946 5327
257 1441
557 8710
834 5700
258 8143
5567 7406
4663 6282
2881 9787
4784 8203
3928 6483
3849 3890
873 1660
1862 5947
1870 6361
692 2284
878 8749
1109 5324
957 6755
6612 6636
2877 4270
491 7373
2028 4702
3074 4778
995 5396
1530 3294
2243 7695
1139 2251
3175 7197
5545 7347
3953 7920
2375 6463
3 1055
1560 5211
3510 7256
987 4082
927 5860
8974 9487
5550 8504
1438 9759
1108 6781
7358 9855
1605 6446
182 1258
7611 9570
614 4914
2317 4484
4074 6812
5345 9825
7100 9879
1902 9220
5671 8410
1621 8566
5760 7577
4550 6064
2837 9988
4438 6031
942 6779
5208 6263
6394 7830
3080 3638
987 9825
68 2426
3816 8585
96 5504
1438 2303
3114 4260
6394 7871
40 3294
3791 6444
5708 7852
2874 7833
5847 7928
6031 7016
1168 1369
3719 6920
1171 1902
3494 8424
3330 5087
3019 3396
724 9846
3058 3178
3638 9966
1943 3992
1538 7803
5756 9299
65 2697
1461 7928
3092 3972
4610 4940
1902 6341
1302 8105
5442 8215
325 8108
1235 7116
1381 1430
8355 8749
2243 9821
342 9964
1381 1474
4420 6236
6969 9128
1497 4260
3058 6321
799 6686
5350 9496
3310 7161
3577 3826
589 2143
3638 8308
2317 5940
342 8262
2745 8175
2764 9825
6825 7373
6341 7359
2442 5345
2532 8228
2696 3615
1171 6263
2319 8958
3783 7075
8669 9966
2837 6617
9730 9922
1258 3615
8770 9246
3783 7016
3984 9631
710 9482
1302 8743
1033 3177
6536 7359
1902 6536
6998 7597
1801 5350
3114 7546
3 8424
7256 7550
4438 6792
7 6361
2037 5231
3868 7344
6212 9420
3346 4048
1057 2215
3650 3700
4420 6532
2317 6075
6035 7998
5130 6165
6686 8092
995 2745
1649 5931
1876 5922
4734 7957
66 2643
1474 1605
4438 6444
2109 8198
605 7871
707 3992
4310 9202
3037 5086
5420 5696
3596 6868
701 6786
6839 7016
1821 7244
5780 8074
2503 5281
6291 7981
2110 6053
2181 4550
1632 6547
2251 2945
6321 8182
1302 5938
6463 9048
2091 3453
8175 9848
4663 7244
1257 1886
1085 4812
1982 9267
1979 7628
154 3800
1301 2108
7830 7871
3383 5104
7111 8147
13 8621
6444 8508
3638 9174
1302 8508
1302 1461
2033 8658
4170 6696
4645 8752
987 6117
3826 5434
5475 6876
1820 7356
1072 1559
6 2387
1580 5755
6587 9202
3743 3826
933 1257
3574 4001
1211 7089
76 4431
2118 2375
6447 8048
4940 9644
1150 2303
665 3800
1302 2317
2764 7111
7075 8794
4093 8463
547 3578
818 3947
4321 8419
1876 6786
5977 7368
872 9436
1085 1820
5231 6950
1540 3994
6785 9692
1250 4609
43 5653
5870 9908
9006 9697
5086 9755
702 5947
3175 9020
2179 4783
3568 9912
6361 6532
2627 4663
3116 9900
2037 9215
5637 7810
1139 6216
5158 9641
5019 6444
701 7994
2530 6658
483 4074
2559 5760
3212 6839
2317 7016
5840 8049
1838 2147
2382 9900
8355 8419
1055 8936
9707 9862
2785 9220
1665 5434
2181 5281
1964 7871
8424 9552
1258 2477
2945 5870
7415 7803
2146 3734
1634 9131
1151 1534
1580 5870
491 3681
7809 8794
2598 9299
2861 5862
9730 9804
3557 8787
340 2532
5947 9900
5470 9908
502 9787
3149 3522
1563 8410
2519 8995
1660 4873
3119 3148
451 7216
4450 9327
1055 7042
5578 8686
4283 9325
2503 4250
3743 5756
7415 8308
3826 7614
5324 6998
2131 3877
4237 7748
4088 4420
2713 4516
4834 8523
2721 3338
24 3526
1821 6282
2970 5245
7089 7871
158 8122
2451 3032
96 818
361 6978
6067 6621
702 8936
7 9900
9026 9572
1769 2511
4914 6989
8090 8308
7403 8887
2991 3806
361 5281
6117 7084
1034 8410
3932 9203
1085 1972
944 3946
5475 7550
1387 3091
2545 8467
451 5977
1756 4940
6117 6426
1964 3522
361 9896
5859 6282
2658 7116
1902 3578
3852 7601
1150 9482
2874 5696
2387 6839
3554 8122
3494 4420
1258 3993
8749 9966
4088 6581
3851 4425
342 6075
1795 3070
5957 9661
1250 9265
3650 9846
1474 7998
1108 5561
3681 4883
3092 6263
2622 3986
1438 5208
5288 7345
1653 4701
2289 4212
1902 5208
3783 9964
3868 8112
4836 8424
342 4415
1505 6022
701 5922
2503 5756
1738 3984
2179 4437
364 9922
2517 3338
40 3068
361 8143
5508 9235
7347 9759
2630 2877
3212 7928
2284 3851
6533 8452
1474 2469
6236 9966
7918 8847
2881 9901
5470 8763
6130 8314
2477 5065
364 6740
1182 9326
585 8752
2066 2661
3944 6623
2599 4701
3798 9112
8971 8995
7587 7964
1301 3798
7149 9314
2209 4119
6998 9364
1150 1634
3643 5517
4607 6706
7359 9414
7256 9167
3873 6053
476 2561
4148 4713
465 9076
7347 9364
2033 9299
8424 8816
1171 1634
1497 1870
3330 8501
3578 9131
5208 7359
5277 6706
2721 5396
1920 2000
476 6623
5940 9922
358 6973
2874 5214
408 9794
3330 6275
2011 5277
364 2721
5396 7151
88 582
7359 7992
6185 9046
7 8816
6064 6812
878 3638
1535 7711
5214 5696
2721 7615
3578 7359
3351 6244
4179 5099
3279 4153
5501 7964
2673 8787
3282 6206
5892 6163
6130 6998
1560 5637
712 3781
1139 6351
1769 2382
258 2033
4082 8147
6035 8410
8189 8193
4293 5209
5848 7838
4344 8147
290 6444
4812 6346
2713 5372
710 1109
4911 6997
3074 4153
7084 9825
5324 8467
6012 7031
8658 8941
434 6407
1456 3294
3114 6532
2655 4778
8419 8749
1701 1820
7150 9299
2382 4420
1141 5922
7 4420
2292 4846
8308 9294
1128 9453
4720 9187
2970 4783
342 7016
5188 6004
3092 9364
866 2471
1443 6566
3994 6004
6 6031
3687 9046
3554 3885
8176 8794
1474 5755
1134 7539
5245 7482
7358 9126
577 1769
3212 8743
3827 5208
2066 9139
258 8658
5209 5354
4484 7928
4226 6802
944 5152
5940 7375
702 5843
4897 9821
799 8813
799 3806
4405 9420
1497 8836
2646 8582
2658 4847
1788 4197
6165 9825
933 2215
1977 5209
1423 5598
2559 6658
1395 5799
258 2503
1033 1871
2510 9215
3993 7998
3904 8971
8467 8609
2365 7852
158 4604
3434 5350
4088 4212
7140 8270
1034 9376
1045 4663
454 3383
3432 7556
6361 9552
8143 9896
5208 9364
1038 9042
2434 3806
466 9112
942 9197
8658 9896
4438 6839
5281 8787
8090 8419
6263 7992
4153 4336
6562 8841
1862 9480
2209 2602
982 9184
7197 8175
1395 6558
2559 4404
2545 4226
255 1738
900 2444
2519 3923
1869 7623
4514 5078
8621 8838
1560 8252
1580 2251
4033 6004
68 5731
3494 9900
1497 7546
1941 7803
614 8172
1497 3494
1305 8644
702 6923
8228 8306
5396 7601
5940 7809
4699 6706
2469 9139
4514 4889
7597 8609
6817 8958
5346 5421
2559 7913
5771 7415
5986 9389
4539 8467
1979 4348
691 6529
1519 5567
4836 7546
3829 6282
1423 2627
1701 4812
2713 6248
4634 7015
4484 8105
1622 2519
408 1674
122 5463
242 2146
1336 5254
7 1862
1183 6785
7 9133
1301 2853
4256 7089
171 2382
1108 8252
3816 8182
2519 6394
702 7601
1302 7375
3367 6218
6161 9048
3494 8936
1784 6802
13 5887
6028 8718
2066 9908
1381 5570
1563 5209
1474 2609
3460 7957
4757 6618
8743 9922
4556 9462
4404 5365
6755 9052
702 3175
4634 7615
1497 6312
577 2382
5215 5917
3852 8752
1653 4971
503 3586
2477 4293
3638 7415
1870 8424
2745 8354
7830 8182
933 1902
2240 3615
579 8175
3806 6686
5947 6532
117 7803
6 8794
2561 6747
76 5561
4601 5599
2533 7013
872 4847
2303 7597
85 9572
3577 7614
2125 9438
1902 9759
6351 7981
4302 8514
3826 4550
4144 7363
2315 3784
700 2952
2033 5434
1497 4088
579 3852
2120 5434
1621 7154
2947 3513
5475 6483
7359 8609
5397 6123
2213 3294
2503 3826
618 6897
2201 3890
2807 7177
1055 4260
2437 8112
6792 8508
707 2837
3904 3923
3279 9577
577 6532
2898 8126
596 2181
1109 6998
547 3972
3494 7042
7992 8467
878 9820
900 8710
4074 9896
1134 1965
176 6515
5019 8694
614 6166
2251 5870
6075 8794
625 1336
72 1535
5087 6275
1788 8044
5434 8941
4645 7623
2175 5875
4452 8383
1139 6291
2545 6341
4897 6612
3539 9304
5922 6786
1977 5671
3149 4153
1979 3514
738 6590
7871 8000
6785 9620
702 2382
3116 9552
9804 9922
5354 8410
7062 8516
8831 9294
1886 4038
7151 8752
3783 9922
5878 9006
2292 7019
4260 6581
8419 8831
7016 9922
2721 7015
171 702
275 2215
2627 5163
4336 7089
364 7151
3904 4778
9220 9414
364 8912
1464 3984
6815 7691
4610 9644
5087 9116
1065 6756
2264 6283
7435 8797
605 2655
3529 3797
7375 7928
6117 8968
1869 5396
702 9848
2826 5929
4048 5671
5208 5624
4089 9042
3932 8710
5469 6426
3578 3972
5570 8763
3434 9246
117 5188
2570 5599
1621 9879
10 1108
1563 4293
547 1109
1474 4577
5938 8743
302 8815
5188 9174
5929 8485
4713 9453
3116 8836
194 5671
1038 5967
3743 4550
3751 4986
9242 9998
1357 2240
7 1002
475 5085
1034 1474
502 9901
4048 5209
5279 9453
1870 7546
5099 6476
6973 9570
7415 8749
1205 7759
5938 8508
3972 9482
5087 6996
1158 3432
614 3851
6812 8143
1438 4539
1456 2315
1021 1846
4931 8787
1563 7998
1183 8873
6469 8009
4153 4778
1982 2923
5345 6165
2108 3934
3557 9078
6973 9078
1822 7151
2630 3685
4212 8836
8749 9820
255 4344
5469 6810
1217 8134
1862 2382
454 4303
5938 7016
2826 7967
905 7173
5870 9729
5725 7920
5947 8816
2289 4420
258 268
577 9552
6327 9327
5545 5558
5174 8708
5792 6426
1108 1560
1560 5561
702 4645
1045 5755
4260 7546
3549 9901
1768 1979
2545 3972
1255 6276
5724 9080
774 6558
6840 7149
8308 9820
258 3826
1497 9552
6661 9012
695 3220
4404 5760
4609 5430
702 7623
2289 6532
3783 8105
738 8646
7031 7913
2532 2872
1905 2487
2455 6394
2655 8000
2227 5213
3177 3671
2659 6483
2240 5192
4326 9326
2284 3833
182 4293
3510 5475
4822 8514
3972 9759
1258 1357
1362 5757
4420 9174
2300 6785
4783 5245
5578 8887
522 2552
6414 9116
7197 8752
2627 3306
9174 9294
6275 6414
3923 6394
5420 7920
1302 9026
1546 3868
2251 2661
2967 5104
2940 3486
5199 6200
1605 2251
4783 5085
1168 7230
1278 5651
5396 5843
3955 4178
1927 7016
1139 4497
24 7093
258 6812
589 1788
579 1869
7614 8941
2455 8971
2545 5208
4088 9552
451 5254
2655 3522
3578 7347
596 4074
3228 9078
5859 9327
1461 6839
1874 7887
6536 6998
3984 6426
2697 9184
1964 8182
522 4293
2181 8143
4420 9552
547 6341
4832 4894
6117 9138
1634 3092
1768 4348
5324 8609
7375 9922
3471 4236
5279 8501
5649 7219
8936 9900
7 3114
5350 8770
358 7611
3737 8994
1150 8467
702 7920
3432 3650
2672 5641
758 3351
6805 8052
4420 6312
2826 9490
290 3783
1021 2186
9922 9964
65 5398
2807 8460
4033 7803
3557 4931
6764 8787
1497 3116
8244 8838
596 8143
6161 6256
579 9848
1128 6414
1381 2661
4153 6321
702 8424
5771 8355
5163 6282
9409 9986
117 8831
3127 3852
2455 9577
2066 4497
5558 8134
2118 2990
8582 8592
4033 8831
2659 3928
6064 9299
878 8419
2688 5780
1784 9586
4420 9133
1109 8467
2762 9487
454 5104
6430 7864
9 6869
6 8743
2240 2609
3211 3217
605 6394
117 8669
2437 3868
3059 3737
1211 6321
1430 5470
2785 9414
171 4212
1302 9440
2302 7075
7666 9394
5755 7244
7928 8508
1182 4625
2387 4415
5760 6012
3177 4302
7115 9112
2856 8587
4048 8410
3885 8528
5211 5561
579 9020
109 1632
2528 4808
3537 5019
3460 4734
6236 9820
8710 9203
579 2721
198 253
2039 7817
3972 9414
3735 6121
7415 9966
8105 9964
2545 6998
4663 5163
296 8240
3149 6394
5104 9496
1171 9364
6817 9591
5208 9220
8924 9501
1769 3114
579 5279
1134 6256
1862 7042
3586 6435
6206 9581
1862 3114
3993 8410
7171 9574
695 4462
1694 3829
2655 7803
1778 5682
2032 6404
7415 8669
3283 4699
5545 8134
6617 7576
950 8553
3005 8847
1108 6742
702 8752
96 7909
966 9436
5771 8090
1941 4336
2027 3782
1085 2440
268 2503
268 2120
1965 2118
3577 4074
2582 3367
1769 8424
7803 8000
6430 9600
6212 9436
21 6566
1387 3987
1194 4153
4450 7029
6283 9600
1194 4336
136 9409
4212 4260
1665 3826
660 8376
7415 8355
1546 4985
6075 8262
340 8306
5755 6327
3829 9354
1846 2186
6923 7601
6020 8203
4914 9112
5653 9246
2503 4074
1438 1902
5561 5637
692 3833
2570 4601
707 5862
8092 8813
6247 9493
2545 5624
1622 3279
3434 4303
1665 4609
109 9325
7154 8566
358 5281
3149 7089
483 8941
3338 9606
1158 7556
9158 9641
2673 7611
268 2598
4250 5281
1723 7550
7597 9414
2033 8143
5558 6341
1846 7616
4033 4321
582 1871
5324 6263
5126 7843
5940 6839
707 6085
4275 8501
1927 7928
1741 4238
1927 3783
2426 9926
1610 4180
5430 8658
1128 4713
5755 9908
1002 1870
3279 6394
3777 5798
1267 3453
5132 5753
342 6839
242 5352
8262 8508
778 6292
4197 8044
6414 9453
8009 9022
1621 2552
194 1305
2455 7089
7928 9581
702 4260
9116 9574
6436 9139
3984 5792
1768 7628
1336 3714
692 1072
4716 7197
8176 9964
1211 8585
3116 7042
4752 8646
342 6031
1977 2240
2010 2440
117 8308
4074 5756
286 9012
1002 4088
873 7356
995 6740
4153 8182
2172 7799
7 577
2382 3114
1905 8297
302 1784
1357 1977
4082 6165
1534 2807
6 9964
1302 7075
799 3619
1430 6395
150 522
3946 5152
2762 6053
878 8090
8105 8794
2828 7392
2511 8936
836 2745
605 8995
3058 4256
5256 5422
2602 4119
76 5727
1055 6532
2066 2251
4260 6361
242 7459
1497 4516
648 5929
3984 5130
2916 3946
466 7115
3522 4778
2533 8506
1738 8147
4250 9299
3655 9838
1769 3494
1632 9325
547 3092
7042 9133
2530 6703
171 577
1672 9901
182 1474
1927 3212
3212 3783
5379 6123
1474 5354
2750 9096
1474 5870
1109 4539
710 8609
1605 8716
4609 6123
2181 7150
5624 9414
2511 4516
9420 9436
6215 6442
2877 6044
5624 9759
3190 4327
933 8190
1194 8000
1902 2303
8485 9490
3 1769
6741 9466
3811 8020
1045 6282
43 8770
579 7601
56 8051
577 1862
296 8890
5803 9242
4847 9416
4734 9641
5523 5568
3816 3904
1109 6130
7013 9235
605 8000
3114 9480
6876 7256
1920 3719
1258 7913
1665 2181
5078 5269
120 9599
4496 8203
855 8621
8147 8968
5231 9164
1134 6463
1027 9203
685 2952
3297 9945
4248 9967
2251 9729
5442 7995
3826 8143
5771 6004
1034 5671
2091 5098
4250 7614
605 1941
7597 9759
2511 9552
1862 8936
3515 8233
2228 4310
5843 8175
1295 5041
3058 4336
5568 5780
5158 8569
7347 7359
7 4516
2519 8971
4539 7597
7731 9988
5938 9922
1194 4256
1362 3029
3175 9848
3737 6327
154 5670
7214 7934
2709 4940
6166 8172
2678 4146
1151 9267
2764 8968
2284 6989
8308 8749
9133 9480
2201 9440
4574 6275
547 6130
6328 9489
2874 5420
2032 7830
3904 7803
3494 9552
1002 6532
5019 6067
1171 6998
6 8176
117 8749
1634 5208
1076 1950
6395 9908
1381 9729
1141 3119
993 2319
3557 6973
2469 6395
4321 8090
5430 7150
68 3201
3972 6341
5199 7571
1027 4144
1694 9327
2240 3993
3670 5929
8585 8995
5827 9661
3714 7216
7230 7435
1940 7161
9076 9539
2517 3574
625 1498
4609 8143
1171 1438
5078 6707
5355 8813
5940 8105
577 7546
3851 4146
6488 9487
7150 8143
4783 8797
1902 8467
1139 2125
389 6121
6776 6923
4088 6361
1546 6618
1822 8752
7838 9586
171 2289
1881 9888
3784 5067
1211 6394
340 8228
2146 9875
1622 1964
5771 8419
4260 4516
944 4763
1538 3638
268 7614
4336 8971
995 9020
5940 7075
9138 9631
1748 4991
1002 9133
2840 9707
5545 8314
491 9112
2559 3001
6764 6973
3578 5545
2678 8172
3279 4778
220 4094
3696 4701
1846 7952
982 8638
1438 6998
2519 4778
707 9988
8090 8831
4064 5581
1150 5208
2599 8558
2302 5940
1530 7817
1902 5545
692 4914
182 8410
2181 8658
3972 8314
2382 6532
4484 6075
4415 6792
2561 8048
695 3804
5126 6779
3783 8508
860 3586
176 5379
8182 9577
1920 8075
6256 6463
1723 6876
3972 6536
476 8048
4645 8354
3212 8508
1920 6477
1464 6165
3494 6312
1871 3671
873 1820
2517 7015
6998 7387
1711 5104
3852 5396
6327 7244
7042 8936
3670 7967
5803 9950
342 8176
7115 8172
614 6989
1927 6792
4496 6020
1 2807
3330 5279
7585 9712
3987 6891
4697 7660
4431 5433
4716 7151
3586 6143
2673 9078
1964 7089
2181 3743
1563 3346
2785 8134
7075 8508
3826 9896
5345 6810
6236 8669
605 3923
3082 6245
702 6361
171 1497
1870 4260
2778 6225
2442 7084
3494 4260
7192 8231
430 6414
2102 2980
555 9493
165 9787
5269 7053
3577 5430
1145 9922
3852 6923
4260 7042
1089 6997
2387 7375
4846 5132
3228 4931
7999 9490
182 1977
3816 4153
290 4415
6998 9759
5442 8540
43 3434
3178 8182
8609 9759
7016 7928
6996 9754
9131 9759
5208 9707
290 7809
6004 8831
3175 7623
1862 4260
2036 3436
1277 8749
1387 7101
4496 4784
5324 8134
724 3700
2598 7614
3522 8995
323 7406
3797 5746
9655 9862
9 9733
2179 5245
258 2120
1002 3114
6130 7359
2118 6085
2598 8143
6589 9496
1002 3494
148 7345
2409 3926
4484 8743
647 5852
4663 8994
3984 8968
224 6054
3984 7084
4336 8585
4140 7239
6117 8362
7358 8584
2678 9112
8134 9482
1461 6444
1461 3783
7832 9922
1387 7192
6 7928
4539 5624
2661 6395
2655 3904
9641 9761
6978 9299
4420 8424
9364 9759
5686 5892
1461 2302
5214 5420
4156 7100
1953 8252
1336 1461
4856 7859
2853 3934
434 7440
7588 9436
148 373
5727 8614
361 3577
3816 6321
995 4716
4539 7387
7347 7597
2816 7403
3994 8831
8189 9922
1808 2856
927 4197
2037 4290
255 6165
1258 1977
4264 9420
3178 9577
8609 9482
834 5642
2387 7075
4344 9825
1738 9825
2409 7550
8273 9504
1902 7359
1258 7577
6200 6373
2221 4172
3880 6932
5215 8890
8090 8355
6232 8479
6747 8048
4438 7075
7016 8105
1738 2764
5940 8794
674 2268
117 6004
310 834
136 6245
1109 2303
5354 6035
5353 5379
2221 7748
4303 5653
1461 5940
1546 7344
7788 9466
758 3992
3833 6166
1530 2039
2090 9096
5545 8609
1474 8410
1694 3737
4834 8671
2120 4074
3219 7550
4420 9900
4146 8172
1357 4293
2545 9364
2598 5281
834 5379
3993 5192
7577 7913
1507 5986
2382 8816
2240 7019
8189 8794
5624 8134
3293 7623
5078 5562
1211 3074
2898 7461
5231 9215
2901 6094
4484 8508
8143 9299
8958 9591
2120 3743
2387 8794
3618 9354
5848 9046
3201 4699
3082 9409
3212 9922
5269 5562
1464 6426
268 2033
8126 8924
8305 8841
4431 5211
5624 9482
3743 9299
4836 8836
2475 8912
1089 3415
4604 8528
5875 6724
2661 2945
4666 9600
6776 8752
3596 9598
2168 6231
1045 1694
1665 8143
478 694
5372 6248
1109 9482
4303 8770
1072 9112
3605 9598
7862 8342
1235 7896
1610 3781
5036 9730
2764 4082
3829 7337
3041 8885
660 4144
7 1497
3068 3294
1302 9964
1170 4911
1977 4048
2785 8609
1150 6263
6216 6351
1964 8995
1505 2284
454 3800
2970 4437
2302 8794
3149 3816
2109 6755
3453 5989
1108 4431
2317 6444
136 5086
1027 7363
2477 3615
1769 2289
2300 5513
3080 6236
6275 9116
1674 2031
4991 6012
2125 2175
1964 8971
3515 4946
577 702
8646 9569
616 9317
4450 6196
4965 5099
5192 5847
1171 7387
3362 6251
3092 9759
1964 8000
3453 5290
2947 6028
5433 8614
4293 5671
6876 9167
585 995
1151 2923
408 6189
7961 8885
712 1730
4574 4713
49 6020
182 5065
702 2511
3460 9641
8000 9577
1178 6206
4074 5434
1171 7347
7 2382
2696 8410
521 1168
109 3862
4716 8175
3026 3529
1336 2317
2856 7281
7666 9715
1665 8941
1605 5470
6123 9265
1870 8816
3175 3293
5279 5581
870 4720
6997 7598
1821 5163
8362 8973
3947 5504
2409 6747
905 1730
7197 8354
5190 8485
2373 9598
1128 9116
2655 3149
451 7239
1562 7722
1336 4484
1474 9376
2696 3993
1133 5780
3074 8182
5214 7920
700 7127
1546 4757
3522 7830
182 6035
2559 8797
1869 7920
1461 2387
2545 2672
323 5167
1108 5433
5099 6447
5859 7577
5938 5940
364 579
3851 4914
605 7803
2240 7449
1194 8585
1166 3547
8584 9126
3638 8669
6473 7838
5931 8890
3330 4148
5558 8314
6185 9182
4293 7998
577 6312
4321 9294
3 1497
577 2511
3177 3367
3041 7961
6263 7597
5188 7415
2609 5354
6581 8424
1021 7149
469 5852
5803 8447
1368 5308
286 9109
1632 2107
1927 8743
4043 5651
5938 7809
1507 3830
2477 5354
5771 9294
1 7177
4119 8414
577 4088
3993 4293
6291 9438
3074 7089
3868 4757
5146 6661
1108 5637
65 6558
8994 9327
3293 7197
1605 9908
9109 9600
1941 3923
8262 8794
6502 9615
3923 7830
364 7920
1816 2940
6740 8752
2455 8182
5211 8252
4550 8658
2243 6612
7152 8297
4516 4836
931 5581
3923 4336
5550 9080
5545 7597
5231 9408
2292 4646
5256 6414
6581 9133
4778 8995
710 1902
8743 8794
361 9299
3432 3700
4344 7111
4577 5209
5324 7347
2994 5550
9096 9164
521 8797
6792 7375
8122 8528
6444 8345
4834 9697
1045 1821
2426 5731
547 5624
3638 5771
6064 8941
605 6321
905 7161
2126 5126
1977 3993
2375 6256
1546 2561
1 8460
3791 8694
8968 9138
3638 8749
4033 9820
2066 6395
7871 8971
9248 9354
510 5167
8134 8314
3923 8971
3082 9986
6536 8609
2545 7387
1426 6053
6248 6978
2940 5442
3781 8656
5755 8994
3873 9487
3126 8621
8606 9246
3279 8995
154 2092
1381 9139
6444 6792
6067 7666
3199 7817
2721 4645
2442 5469
1474 3615
1563 3993
5562 7053
5756 6978
8308 8355
1964 7830
4148 7171
2688 3029
4088 8936
9 4720
7871 8182
165 9901
1464 7111
13 855
1357 1474
995 5843
158 6137
7623 8354
702 4836
171 1002
3297 9998
4574 9116
5696 5725
2503 8143
1205 8254
5756 7614
3116 4420
2530 4238
8836 9133
6130 6341
3220 4462
1711 3434
7597 9131
2126 7887
5835 6469
3058 3279
866 7931
5875 7666
2373 4261
2442 7111
1267 8460
1953 5561
1357 9376
2033 6064
1927 2302
6810 9631
684 2444
503 860
7151 9020
1178 3334
3605 4261
1170 6872
3 6361
2240 9376
5938 6792
6012 7913
3671 4822
3175 8354
1977 2696
2302 6444
3993 5209
3557 9570
4574 6414
1171 6536
2945 8763
3116 7546
3638 8355
1055 4516
3799 4679
1178 9581
5281 6973
4438 9922
1134 2630
430 4713
2292 3696
3923 4153
3577 4550
8308 8669
466 1072
3228 5281
1769 8936
3923 8000
7016 8189
596 2598
4238 6658
6404 8345
5085 7435
6031 7375
1822 3293
483 9896
2317 8508
2303 7359
6514 6590
3092 6536
3074 4336
4609 7614
2107 6547
6869 9733
4965 6476
5917 8240
8355 8669
6312 6532
3367 8514
1674 3116
702 9480
883 5199
1150 1171
3092 7359
1305 5213
630 3671
2785 7359
342 7375
1672 4141
5163 7577
6031 7928
933 1886
4645 7197
1665 5281
1065 7197
5568 5757
1211 4153
2292 4701
2678 4914
7 1870
4539 9759
1464 9825
5469 5792
4420 5947
1927 9922
224 8725
1153 2092
2764 4344
7150 8658
2143 2574
4074 5281
1368 9453
2778 9139
3618 9248
4846 7449
5065 5671
2967 2976
3178 3923
1072 2284
3904 7089
1443 1950
1820 4812
1930 9586
3092 8609
2120 5756
451 4140
7127 8716
860 2185
268 5756
6321 8585
7 7042
3650 9634
5279 6414
1150 9759
6785 7905
1034 6035
9586 9591
3346 4577
2598 4250
2545 4539
9242 9950
5875 7981
799 7392
2519 8585
2317 3783
2778 8980
2228 8592
4326 5360
7803 8182
3714 7368
2284 4914
2659 3529
8176 8743
66 6054
8609 9220
3572 7140
2289 3116
7111 9138
491 665
2775 5649
878 5771
2745 4226
2574 4197
6189 9794
290 2387
5430 6812
2530 2559
1381 2945
1660 7356
342 3783
1559 2284
582 8514
1808 4726
1357 3346
1150 7992
5947 6312
1072 8172
4778 7830
2561 4757
5624 9364
6532 9900
2284 6022
2303 3092
1538 7415
5624 6263
5290 5989
1964 4153
4415 8105
171 6361
1769 8836
358 4931
702 1055
1155 9926
1869 3852
4716 8354
5087 9754
3791 6354
2785 5558
2289 2511
2193 2689
5848 6259
872 7896
2721 7920
1055 9552
5188 9966
3149 6321
6236 8090
6147 8885
995 7151
3851 6022
4088 4516
6075 6839
547 7359
878 6236
3092 9414
3885 6137
766 7722
1957 4797
3114 8836
1257 1902
2213 3784
630 8514
2745 5396
5690 9821
5086 9986
2696 5192
2559 3379
3783 8794
4497 9139
702 4716
5642 7079
1862 6361
2469 4497
1538 8841
3993 5354
2881 3549
9294 9966
1171 5545
2745 5843
5469 8147
3297 9242
3743 8941
1769 4212
6165 6426
2609 7998
325 9466
5163 9327
290 4438
3833 4914
8936 9480
3058 3149
4484 5938
1094 4752
2683 6430
1258 2240
1109 7347
3615 5671
5354 7998
2179 2559
3 7546
3797 5977
2896 5250
502 4141
2120 8143
3816 4256
4516 6361
3080 4321
596 5434
4170 9126
1723 2409
5756 7150
596 1665
4180 8656
557 9898
710 6130
279 692
43 8688
1957 9203
2120 4550
1150 6341
4058 8694
3178 7871
2569 5799
2089 6469
111 1369
176 834
6351 9438
1034 5192
3059 5163
7084 8968
1610 6231
2092 5670
1694 6282
8669 8831
4484 6031
6075 9964
6259 7838
4212 5947
1621 7320
834 7079
1378 7964
5940 7016
2090 2750
1953 5433
3851 6989
2382 2511
2102 4614
1474 2066
5947 8936
5938 6444
6792 8743
2382 4516
4082 4344
6404 9080
2627 3829
1874 5126
692 3851
2031 3116
4250 8658
3432 9846
4634 9606
2442 9825
56 1795
3833 3851
7809 9922
4348 5402
3494 6361
4484 8262
1694 8994
8189 8743
3568 5146
4894 6779
111 8797
6740 9848
1438 5324
2980 5774
4420 8816
2319 8815
4797 9898
68 8306
585 3175
522 9879
6483 9497
4275 6414
1150 9414
282 8920
2251 8716
585 2721
2785 5624
3019 8148
3696 8558
1461 8176
7623 8752
3826 4074
6978 7150
1002 2382
5878 8671
5792 9138
2442 4344
2764 9138
2531 6969
4607 5277
3358 6997
3537 8345
7230 7482
5655 6562
585 7197
430 9116
6923 8354
4734 5158
2629 4821
3826 5430
111 1168
1660 1701
4601 4855
4914 7115
2826 8485
1158 9846
1045 7337
5570 9139
605 1964
4438 7016
2721 7151
24 9112
1461 2317
1378 7587
3127 5396
1870 2511
5065 5192
3175 8175
1474 1563
922 3436
5208 9655
1534 7177
3178 4336
799 5355
1430 1580
605 3149
2655 8182
4539 9131
1461 8189
3279 4336
4594 9267
4212 6361
5653 8606
49 8203
7931 8876
2469 8763
4141 7323
3026 7594
1927 6031
4130 8717
5099 9894
1941 3058
7 9480
1540 9174
1870 9552
361 2181
5281 9078
2240 5354
4290 9215
3515 6297
3212 5938
239 555
3806 5840
1438 2545
8841 9960
1583 7616
1109 5545
605 9577
5637 8252
577 9480
3007 6740
361 4074
4082 6117
260 7587
3827 9655
596 7614
596 7150
3698 9599
2574 5860
5214 5725
1580 6395
65 9184
165 2881
1964 2455
1194 9577
2118 6256
1133 7711
1660 5753
1038 8587
7809 9964
6282 6548
648 9695
4415 8176
3293 7601
605 3816
4438 8189
712 3239
1123 3436
993 9591
5421 9042
7197 7623
1158 3700
6678 6876
5104 5350
3514 7628
2179 2970
8424 9480
36 9501
7151 7197
1211 1941
6067 6354
3 4836
4095 6054
1869 6776
2837 7731
302 2319
3114 4212
1723 6678
931 4064
8671 9697
5396 8752
2923 9267
5570 5755
5208 7347
1665 6812
1109 1438
1094 6514
927 8044
5671 8644
2528 6640
1632 3218
4963 7595
2528 3827
1769 9480
6444 7809
4286 5308
5231 5836
4797 8710
3178 3904
3246 5841
4344 8968
7075 8176
4270 6285
5281 7150
6 5938
3797 6483
6477 8075
1816 5442
3826 4609
2940 7995
6444 8262
5682 9979
5396 7197
1769 4088
3367 9012
7359 9220
1768 7346
2721 3574
176 310
5192 9376
1150 9364
2940 8215
2545 6536
255 7111
3849 9440
3212 9964
2066 8716
8831 9174
4484 7016
5041 9009
7803 8749
5324 7992
2303 6130
6469 9080
2959 3955
8090 9294
1902 5624
3743 5434
547 1902
1965 9048
220 5041
3070 8051
5938 7928
171 8936
5771 9820
1497 1769
1534 1982
1869 2721
2032 9022
1381 5755
6225 8980
6724 7666
6621 6724
1109 8134
2574 8044
7556 9634
2434 5840
2284 9112
3984 6117
4957 9012
2991 5840
4146 6989
7363 9203
1022 5245
2120 3826
4484 9964
3330 5256
4609 5756
616 8893
3460 9158
2745 8752
4336 6394
96 3617
483 2181
702 8816
4415 7075
1540 6004
8968 9825
3019 3447
922 4380
6876 7550
5324 9364
2469 5755
3178 7830
1034 3346
1302 8189
4321 9966
2519 3178
944 2829
1109 9364
2365 2856
3577 7150
7 2289
4438 7809
4610 9718
3972 8609
1862 8424
4539 6130
150 7320
1171 8314
919 2976
4425 9112
475 7435
5875 9715
3029 8074
3148 5922
1701 9695
3751 4156
3114 4420
5843 7151
7803 7830
3149 4336
5130 7084
1964 3816
4808 9926
3972 5624
964 2248
2317 8105
4264 9436
3510 6876
1369 5085
290 7375
4609 5397
2201 9026
5279 5422
290 1461
2872 8306
2317 7075
2721 8354
2181 5430
1962 4537
2816 6756
4260 6532
1474 5570
6998 7992
9409 9755
3116 9794
922 5087
3852 8354
1474 6395
1701 2010
342 5940
8090 9966
6053 6488
361 2033
1614 2173
1622 1941
8134 9220
1362 8074
6130 8609
9718 9967
577 8816
7075 7928
2900 4459
3574 7615
7871 9577
3149 8000
1302 6075
1902 9131
1752 3800
3364 3687
995 1822
6394 8182
2387 6031
5843 8354
6742 8252
3700 7556
2764 5792
1941 8000
1423 3306
76 1953
702 1002
1653 2599
5659 7563
1089 4911
1977 7998
2387 7928
1505 3833
502 2881
1022 2559
4336 6321
1768 3514
3346 5065
1497 4836
1605 2945
6792 7809
1522 8913
1 3453
3522 8182
502 1672
1768 5402
7116 9416
774 9184
3578 5624
1538 1540
4033 9174
6004 8669
6740 7601
1622 3178
3526 6371
1022 1369
7089 8995
483 9299
4459 5843
1134 9048
957 9052
255 7084
2042 6781
710 6263
585 1869
49 4784
3612 6446
1874 5914
3383 9246
2764 7084
4336 8182
4256 4778
3984 7111
8075 9696
465 9539
3852 7197
258 596
331 7127
3351 9245
1531 2940
1211 2519
1870 3116
1580 9139
1302 9922
4916 9203
3279 7803
4843 6031
7957 9761
1977 3346
2033 4609
430 4148
6263 6998
3208 5174
585 6923
3127 7197
171 1055
6872 8506
1150 2785
2302 4438
3019 8590
6869 9187
2455 3279
7862 8760
2545 8609
1816 8215
1034 5354
1660 9695
1964 4778
6054 8725
2185 6435
2365 4726
1277 9820
1941 3279
1821 6548
7992 8134
4577 9376
7585 9055
1171 8467
1034 4293
3074 3522
7151 7623
4778 8971
5929 9490
361 8941
2510 4290
5346 8587
2303 6536
260 7964
577 4212
3 2289
268 8143
3 702
8569 9641
5468 9248
4516 5947
5430 8143
2090 9408
358 2673
2228 9941
2475 5036
7387 7992
3615 5065
5130 9138
1821 7577
3293 9020
430 4574
614 1505
5848 6185
1277 9966
1869 3293
4577 5065
5696 7920
3638 3994
1357 5192
3816 3923
117 4321
1711 2967
6686 8049
1862 3494
396 4609
2186 6840
1002 6581
1538 8090
68 9297
7075 8189
3615 5354
8134 8609
2477 6035
2175 6291
6839 8176
942 7887
700 6678
3149 9577
2967 5653
408 3116
5434 6064
3510 6269
2477 4048
3577 9299
5940 6792
4089 8405
2511 3116
2292 5132
648 9490
6923 8175
4576 7811
1927 6444
1336 7368
1277 8669
1725 9292
2745 4645
6581 7546
5760 7913
2382 4088
2511 4088
1002 8936
2209 7011
3282 5847
6236 8831
6371 6825
2426 4808
7601 8175
171 4420
7830 9080
3453 5098
4250 5430
1357 5354
8582 9941
117 3638
1109 5208
2248 3362
1194 1211
7152 8479
5085 7482
7244 7577
454 3434
3783 6792
3346 8410
2181 3577
466 3833
2120 5430
4713 9116
1886 1902
1430 1605
5126 9197
3743 9896
630 3367
7796 8587
1464 7084
1622 7830
8405 8587
1381 1580
2519 3058
995 2721
579 2745
3494 6581
8585 9577
3436 5087
1426 9487
1277 7803
3080 8419
1674 7974
5947 8836
7171 9453
5208 9950
2598 6812
692 9112
3972 9131
1634 1902
5637 5727
1258 8410
2511 6532
1497 2382
2102 5774
987 2442
4379 5099
5254 7368
5868 9986
6395 9139
7 1055
6483 7256
5281 8143
4991 9070
3092 5545
5353 9265
4940 9967
1257 4038
2945 8716
5760 7031
1139 2175
4778 7089
596 2120
3029 5757
3 9480
577 4516
4275 4713
1480 6276
165 502
3666 8504
579 6740
7337 7577
6297 8233
7597 7992
4516 8816
942 7843
1649 9317
3821 9853
1027 8376
6004 6236
1438 5558
1336 4438
5868 9409
3529 7594
3714 7239
5211 5433
6263 9131
1128 5422
1902 3972
2627 6282
4344 6117
2292 8558
1563 5671
3734 9875
72 4823
3212 8794
3655 4130
3219 6483
987 5130
1474 2240
2856 4726
3279 7830
3058 9577
117 8355
5947 7042
3219 9497
10 6742
10 5727
5501 7587
1634 9759
2302 8105
596 2033
5755 8763
4836 6361
1055 8424
7431 8553
5208 8609
1362 5523
685 700
2126 6779
1002 3116
3827 9950
2709 2992
6444 8694
1277 8308
3612 4261
3829 6548
3149 8182
5421 8405
5209 7998
1711 4303
3791 8345
4178 6248
547 8609
2659 3026
1711 8770
5780 7711
3092 7992
6876 9497
476 2409
5469 6165
2317 8262
1381 5870
1055 6361
1902 8314
3885 4604
1769 8816
7722 7811
1302 2302
5372 8718
995 8752
7601 9848
7387 8314
3829 5859
3 8816
1426 6488
43 1801
596 3826
4431 5561
1535 4823
3082 5086
2667 5254
2545 6130
4148 5087
5947 9480
3358 4911
6137 8122
5771 8308
547 1171
3797 3928
1 1267
1336 7375
6407 7440
547 5208
518 9775
5190 7999
6529 8566
1927 6075
2382 5947
6678 8716
4293 4577
1862 4420
1194 3904
5208 8467
3605 6446
5421 5967
647 9235
1065 3403
585 5843
1927 9964
9139 9729
1538 6236
1002 1862
290 4484
692 6166
4415 8794
730 2916
4001 9606
3228 9570
275 8190
9022 9080
3044 6696
2365 6477
454 8688
2181 7614
5422 7171
3991 8901
6812 8941
1305 5671
4516 8424
3578 9414
3293 4716
582 1033
3826 4250
2243 4897
2146 7459
503 2185
1109 2785
3114 8936
3116 8936
6812 7614
3330 4275
6447 6476
3383 8606
7461 9501
4420 9480
4834 9006
6978 8718
1941 3178
3578 8134
7016 9964
3522 7803
7928 8794
8815 9586
1752 3346
1540 4033
7 1769
3928 5746
6436 8980
6973 7611
4420 6361
5561 8252
8355 9174
498 5010
4001 7615
7031 7577
785 4993
1474 4048
6 8189
1499 3719
8873 9692
8314 9414
396 6087
7016 8176
2599 4646
475 7230
3681 5379
6532 8936
2503 8941
2721 3127
3534 9070
1464 2442
3074 6394
302 6817
547 1150
587 7539
1430 5570
1362 2688
5130 5792
1902 8609
7546 8836
111 2970
1002 2511
2745 6740
5545 6341
2658 8590
2630 7062
6269 9167
2033 3743
3220 3804
331 6678
1045 7577
466 614
2487 6232
3127 4716
710 7387
510 7406
3783 7809
710 5208
7601 8752
1941 8182
799 2828
1701 4873
117 6236
2387 3783
1505 8172
3178 3932
1531 7995
2643 4095
1881 4697
7623 7920
1540 9294
1153 1752
579 5581
182 2240
2387 8189
4088 6532
88 1871
6407 9669
1927 8105
72 7711
6263 9482
3 4420
6312 6361
1534 4594
7803 8419
5346 8405
1941 7830
3984 5469
3044 7358
7585 8452
6394 8000
3617 7909
3116 9480
5929 7999
1769 6312
4270 7062
1871 8514
2655 8971
1168 2970
2627 3059
483 6064
2228 6587
1531 3486
2503 8658
5570 6395
4539 5545
6282 8994
2976 3605
1002 8836
3577 9896
3175 5396
5281 7614
2830 5841
4979 9615
1497 7042
4293 5354
3092 5208
336 2828
5211 6742
1150 6130
3447 8148
5947 6581
702 6581
1235 9436
454 8770
5931 9317
1788 2143
1134 4078
4420 8355
3330 9453
4170 7248
1869 3127
503 6021
3282 9581
1086 1715
466 1505
3282 5192
5846 6435
5434 8658
2853 9112
1150 5558
2745 3852
13 8244
3306 5598
5792 6165
1361 9922
3385 4609
279 3851
2764 5469
1211 4256
4539 6263
7896 9436
6426 7111
660 9203
7248 9855
4609 5434
9012 9109
7957 9158
1869 9020
7359 7387
6562 9960
1538 8308
3934 9599
5938 7075
5558 9759
5245 7435
1302 6792
5324 7597
2967 3396
2785 5208
701 7161
255 9631
1150 5624
3116 5947
521 8766
1730 7161
6064 9896
1430 9729
1665 6978
2916 4306
1862 9900
7387 7597
1055 3116
6998 7347
2697 8638
2442 5792
1357 2609
6477 9696
521 7482
1336 4415
2655 3178
878 4420
1461 7016
3698 9112
302 9586
1480 1499
1357 2696
4484 7075
684 9775
2455 3149
7615 9606
873 4812
6185 7838
3119 4718
3330 6414
625 5692
919 3605
4238 6703
358 3228
1808 6477
171 8424
6740 9020
3743 6064
8752 9848
7864 9600
3851 9112
3994 8749
4812 7356
8710 9641
7 8936
1258 1474
40 3784
878 8831
6414 8501
2829 9548
2317 6792
43 9496
8717 9838
6 8508
6978 7614
3798 3934
2503 6812
5396 8175
6031 8176
6792 8794
4701 4971
2033 4250
4380 6996
2955 5708
3116 6361
4952 5935
647 2533
3058 7871
605 3074
3522 7089
3450 3749
5508 7013
6075 7016
1357 4048
6558 8638
8105 8176
8148 8590
7347 9131
6621 9394
8134 9131
1862 2511
1972 2010
2284 6166
49 4496
194 2502
1474 8716
1505 6166
4144 9203
4153 7830
364 8175
5545 6998
2292 2599
2317 9964
7015 7615
4310 8592
1738 5469
3175 3852
1560 7810
4713 7171
7 9552
3294 5709
5562 6707
1902 9364
8410 9376
6153 7587
268 3577
1546 8112
279 466
2994 8504
2477 9376
1438 9482
3926 9497
4757 8112
2545 5641
9620 9692
4609 5281
6341 8609
4148 9116
302 9591
6053 9487
8466 9128
1580 9729
1258 4293
3510 9167
577 5947
521 8052
510 5567
3833 9112
4778 6394
4290 6950
521 2559
2303 3972
7803 8669
3177 8514
4914 6022
7803 9820
6548 7577
5878 9697
1072 3851
3003 3021
614 4425
3293 6923
1660 4812
5398 9184
7542 9922
3494 5947
5163 7244
1694 5859
3346 3800
1816 3486
2010 4812
1927 7075
1795 6466
1250 6123
2186 7952
3279 3904
2426 3827
3080 8308
1665 5756
605 8971
2745 6802
2264 5146
182 3346
1153 3346
2994 8207
5379 5898
389 3735
6130 8134
2511 9480
4516 5372
2382 8836
5208 7387
2469 2661
1723 3510
1211 8995
290 8189
466 2678
1977 2609
2840 9862
2785 5545
7111 8968
8105 8743
3783 6839
6282 7244
2179 8797
1815 3283
1622 4778
1497 4212
1902 9414
1902 5324
582 3177
8182 8971
5422 6414
454 1752
224 2643
9055 9712
585 5396
905 3310
3904 4256
6581 8816
1784 6817
466 4914
3149 3279
4344 5792
522 1621
4834 7216
4212 7042
4539 7359
5827 5957
5914 7887
2609 5192
2721 8752
4946 8233
5430 5434
4212 8936
5501 6394
1701 6346
4431 8614
1155 2426
3044 8584
1055 3494
5642 5700
1357 7998
6004 9820
4033 5188
1862 9539
6444 7016
694 9696
290 8105
2721 6776
1838 9274
6810 8968
5624 9220
171 9480
3904 8585
6130 7347
1927 2317
1085 9695
1788 7978
3923 8995
2444 9641
1258 4577
5396 7920
2609 3615
268 4550
2785 6341
4293 8410
6590 9569
6395 9729
5484 6380
6 1302
68 1815
282 1361
1634 7347
5163 5859
5774 8893
1362 4462
6764 7611
2778 8978
220 9009
873 2440
1610 1730
3208 3804
4797 9203
5753 7019
7116 9436
1538 8831
2745 7623
1151 4594
4713 6414
4484 8189
6 7375
6075 8743
6031 8508
171 1862
4966 7957
341 522
6891 7192
1461 6792
647 6872
4539 9482
966 8439
5350 5653
1109 6341
5709 7817
3212 4438
5360 9326
6282 9327
4260 6312
1534 3453
3068 3784
5840 6686
1045 6327
514 660
4685 8232
1769 1870
3149 3904
1801 3383
7556 9846
585 3293
3687 6185
242 3734
8585 8971
1694 4663
7 5947
3522 4153
1730 8656
2874 7920
4437 7482
4321 8749
1964 8585
1862 6312
1738 5345
3175 6776
5087 9574
1109 1171
9634 9846
1461 7809
8134 9759
171 3116
1927 7375
579 3127
4336 8995
2853 3698
6483 9167
931 5279
702 2289
6031 8794
498 4043
5545 9414
5847 9581
4256 8995
1505 3851
2678 6989
547 7597
8836 9900
290 9922
5878 8523
2373 6446
2289 2382
2991 6686
5696 7833
596 8658
5281 6978
883 6373
5208 9759
2916 9548
7803 8355
1302 1336
1474 2477
4415 8189
2300 9620
3481 3650
995 9848
3 9133
2940 6850
1977 2477
7809 8189
8467 9131
2315 3068
1580 5570
1128 5256
5365 5760
6848 8774
1902 6263
475 521
5558 9364
6067 9715
8447 9950
5365 6012
3605 6868
3994 9174
2559 2970
3044 7248
2143 8044
6839 8262
1150 3972
1109 1150
7417 7620
503 6143
4957 6218
4679 5681
361 5756
5027 6466
2243 5690
6839 9964
6587 8592
3149 7830
1183 7390
630 4302
2455 6321
927 1788
1754 3852
2569 4882
1665 9896
1979 7346
502 3549
4415 6031
2303 2785
4537 7934
6130 8467
310 9853
818 7909
1622 8971
702 9020
3029 5780
85 9026
8508 8794
9133 9900
1171 6341
3578 6263
1464 4082
2519 3904
4438 5938
3293 8354
7356 9695
6031 7809
3432 3481
5208 5545
2745 6776
286 6283
4537 4977
3557 5281
2426 6640
3346 3993
7171 8501
2517 4001
4404 6012
4713 6275
5208 9862
1002 1497
7323 9787
1605 2661
3092 7347
1870 9900
3946 4306
4713 5087
2455 7871
4248 9718
454 5653
7248 8584
117 3994
5163 6548
2745 7151
3175 4645
8467 9364
1902 7992
8971 9577
1869 7197
5099 8048
1723 7256
1869 7601
3149 3178
1128 3330
9453 9574
3197 4447
1977 6035
2442 9631
1034 4577
2545 9759
286 5146
5755 9729
8830 9268
4497 6395
1672 2881
2598 3743
7016 7809
2609 3993
522 7320
2225 8305
2292 7449
1277 6236
702 7197
870 6869
9078 9570
1150 4539
1368 4286
1660 5132
8090 9820
6696 7358
4178 5639
182 1563
111 2179
783 2556
3829 5468
6312 9480
7905 9692
3486 6850
3059 7577
1336 8508
7239 7368
5940 8189
2713 6978
7611 8787
361 5434
6469 9022
5146 9912
3904 9577
7390 8873
7375 8105
1940 7994
2598 4550
6153 7964
1467 5277
373 1040
5281 6064
4438 6075
8108 9466
76 6742
5405 9096
4344 9138
9116 9453
6165 9138
1258 5192
7373 9112
7803 8090
6153 6394
4048 5192
2661 9139
5513 8873
4264 8439
6341 6536
3719 8075
579 7151
1235 9416
5355 6686
2120 2181
2303 9414
2511 4212
1801 4303
2900 5843
478 6407
396 8913
1235 4847
171 6312
6548 9327
4415 5940
1816 8540
3852 4117
1634 6263
5624 8609
6532 9480
1305 2227
4082 7084
6004 8419
995 7601
6978 8658
2302 7375
2764 3984
6686 8813
702 8354
7359 7597
3826 5756
171 9900
5396 9020
1474 5192
68 1155
1194 1964
1474 3346
579 995
1816 6850
2033 7614
2110 8974
4321 4420
4415 7375
4914 8172
2120 4250
4468 5421
1109 7597
290 8794
701 1876
2120 6978
1756 2709
2980 4614
4420 5188
5027 5649
1381 9908
2511 4836
1941 2455
6839 7075
5929 7967
341 9879
1211 3279
8439 9420
3681 5353
9167 9497
2033 4550
478 9669
1474 5065
7197 7913
4141 9787
2721 8175
1301 9599
8143 8658
3687 9182
8314 8467
5087 5422
3578 7387
6216 7981
614 2284
3783 4415
1302 2201
1605 2066
9364 9482
2227 2502
6022 6166
4293 5065
5653 8770
995 3852
4905 6019
8763 9139
1171 2303
521 5085
6 3212
2785 5324
6923 8752
5792 6810
3228 8787
3737 5755
2382 9552
1022 5085
1822 4645
342 1461
2319 9586
6562 8305
4484 8794
117 1277
9414 9759
4260 9900
8452 9712
5433 8252
3486 8540
3926 6269
1034 1563
7542 8920
1332 5935
1211 3904
1072 2678
6130 9364
1055 2289
1665 2503
1065 7913
2655 3816
1941 3522
5875 6216
2661 9908
4033 7415
6998 9414
1534 9267
1634 6341
4462 7789
1634 3972
1871 4302
1258 2696
1480 1562
799 8049
2830 4327
7390 9692
4516 7538
4516 6248
117 8090
4212 4836
1505 1559
5065 5209
6817 9586
8912 9804
1871 3177
6165 9631
1034 2696
1076 4274
2545 2785
4713 9574
117 9174
3578 6341
10 5637
4261 9598
1430 2945
3059 5859
3557 7611
3 1862
1336 8176
1941 2519
483 6978
5771 7803
1183 9692
1158 3650
5245 8797
6004 9294
5545 9220
9174 9966
4425 6022
6536 7387
4033 6236
3178 4797
1538 9960
6 6792
605 4336
1109 7992
5938 8794
1166 4679
3092 5624
1155 2528
1870 6581
3279 8585
799 2991
4078 7539
2661 9729
6923 7151
3116 6581
2992 9967
1505 4914
1295 9009
521 1369
2120 9896
6444 8176
3529 6483
707 1943
1902 7347
3494 7546
2120 2503
68 2532
577 8424
158 3885
5087 5256
1298 1815
1756 4248
1144 7417
7809 8105
2945 9139
6444 8794
1876 4718
2967 8148
253 7799
1723 9167
2559 7577
730 2829
430 5422
799 8092
5279 9574
4846 5753
614 692
6064 8658
3126 6470
3972 7597
7387 9220
342 8189
1464 5792
3058 3816
7928 8262
1258 6012
4172 7748
4468 5967
3283 8846
9389 9890
6321 7830
4497 5470
6839 7375
2442 6810
4971 8558
618 3005
5470 6395
710 6998
475 2179
290 5938
3510 6678
8090 8669
1336 6031
2039 5752
2570 5213
2683 7864
5558 9220
5570 9729
1559 6022
364 2745
5324 7359
521 5245
2678 7115
8134 8467
4447 7431
8816 9552
6198 7204
171 3494
2387 7809
7 4212
4425 6166
1038 4468
2762 3873
5360 8787
171 5947
995 6776
7601 9020
4550 5281
1277 8419
710 9131
6361 9900
1801 9246
2033 3826
88 3177
2251 5570
7387 8609
9655 9707
1665 7150
8262 8743
1034 3615
4431 8252
2107 3218
2227 8644
5188 7803
342 6444
7244 7337
7375 8794
605 4153
987 9138
1474 8763
2745 7601
6321 7871
3574 7015
4321 5771
684 900
1580 2945
4574 9453
2477 3993
6536 7597
1538 9966
2455 4336
2511 8816
5690 7695
7019 7449
8182 8585
4293 5192
5755 7577
1563 5354
7843 7887
8314 9364
1499 2896
1072 7115
7387 8467
1531 6850
7188 8294
3615 8410
1362 5626
5196 6133
5947 9552
7995 8215
3346 5670
4264 4405
3091 7192
4094 5041
1139 9139
4663 7337
5836 9096
4516 5277
4539 5558
1621 9292
1086 4155
1962 4977
7375 8189
5327 7161
5188 6236
5213 5599
3116 4516
1336 6792
2898 9501
3346 7998
6779 7843
6089 7595
279 7115
3116 3494
60 7722
5190 5929
279 9112
6839 8508
1430 8763
6426 6810
3080 8749
1730 2168
2289 6581
2673 4931
5792 9631
3826 8658
3904 4336
3058 7089
6923 7623
8424 9900
3379 6658
5430 9299
6740 7920
466 8172
6483 6876
6200 7571
8176 9922
3297 4120
4516 6532
2292 4971
5209 5671
5921 6477
3453 6618
3092 8467
4355 9435
1538 5188
4916 7363
2264 9012
5192 5209
944 9548
400 1183
1438 7597
1821 3737
1211 8000
3804 8719
4148 5279
3092 9482
6973 8787
878 3080
4250 8941
4663 7577
6776 7623
3578 9364
4153 4256
4146 4914
1150 5324
7597 9364
1730 7173
1822 7197
2209 8414
2409 9497
691 1621
4415 8508
364 2475
1869 7151
1499 6920
1139 1430
8207 9080
5324 9131
1534 2923
5290 6618
1784 2545
8958 9586
364 9730
2830 3246
2994 9080
1563 2609
7093 7373
6371 7093
2090 5405
1002 1769
3149 8585
2434 8813
1795 8051
8345 9080
3737 6548
7375 9964
3334 9581
1622 8995
7363 8167
3972 6263
4153 8000
1002 2289
7967 7999
2102 9317
3972 9364
1784 4226
3816 8971
2829 4306
9220 9364
5254 7239
2243 6636
1139 8763
6263 8467
466 4146
3358 7598
694 1920
5324 6536
2853 9599
2519 7830
1171 3092
7387 8134
3080 9294
7871 8995
3749 5892
4836 9552
6028 6671
1694 5163
3149 8971
279 1505
3082 5868
1034 7998
2300 9692
2532 9297
6444 8189
3219 5475
2409 3510
6117 6810
8447 9242
702 4212
2302 2387
3806 8813
3734 7459
4172 4237
6 1927
342 4484
582 630
1034 2477
2455 2655
2764 8147
110 2028
4047 8901
4404 7913
701 4718
3074 9577
2559 6012
2959 4178
255 1464
2721 4716
1538 8669
171 7042
987 7111
7347 9482
3330 9116
2442 5130
2688 5757
1302 5940
1278 8362
710 5624
1002 6361
4420 8936
1902 9482
111 7230
2426 2528
6779 9197
1395 2569
1711 8688
3526 6825
2545 3578
1769 7042
7967 9490
582 3367
4326 8787
65 774
364 702
8501 9574
5624 6998
3714 5977
4550 9299
158 3554
1085 7356
1040 5288
2747 4905
3177 4822
2320 2669
5345 7084
4734 9158
7540 7918
111 7435
2559 7230
279 4146
2861 6085
1505 9112
6426 9138
6420 8978
2037 2510
3993 4048
4256 6394
5875 6621
5345 8147
171 9552
6 1336
3494 8836
5870 8716
4048 4577
8978 9139
43 5350
430 5087
1862 9133
24 491
6259 9046
336 785
2689 6634
6312 8424
2102 8893
694 2000
1022 4437
1869 8354
6245 9755
5624 7387
268 7150
4514 7053
1336 8262
3112 6121
7042 8816
5365 7913
1822 7601
6114 7830
296 5215
5172 7660
3178 8995
2503 3743
3700 9634
686 7722
518 684
2680 5461
2066 5570
4270 8516
7359 9759
2552 4843
1957 3932
1139 5570
1769 4260
1055 4088
7 7546
1474 2945
710 7359
7920 8752
1057 4093
88 8514
1002 4212
478 7440
9020 9848
8749 9174
1788 5860
3330 9574
1902 6998
491 7000
5405 5836
2120 4609
1531 5442
2559 7435
7597 8467
1155 5731
6216 7718
1738 6165
3522 8585
1168 7435
2387 6444
5324 6341
5731 9926
686 6276
7546 9552
2440 9695
3212 7375
6969 8917
1583 1846
2816 8887
3175 6923
260 6394
1694 6548
878 8669
2442 6117
547 6998
4716 7601
547 9131
3700 9846
6430 8677
2785 8467
5158 9158
7 6312
3827 9926
1171 5324
2629 3046
2185 3586
4931 6973
1150 8134
4179 4965
1723 6483
6536 8467
2688 8540
1438 3578
3476 5692
3926 9167
1497 2511
5859 8994
2477 4577
4726 7852
1328 3830
3220 5626
587 3685
1725 6529
1109 5624
1964 3178
8189 9964
6075 7809
7830 8000
3148 6786
5637 8614
1258 5671
6044 8516
342 7928
483 596
579 6776
2289 5947
8000 8182
585 4716
1170 8506
5558 8609
1653 4646
364 7197
8383 8913
5372 6978
1778 1795
4140 5254
3904 6394
4697 9888
8606 8688
1694 7577
1881 6019
5360 7489
1021 1583
2775 5027
6341 9482
5422 6275
8968 9631
1621 6529
3852 6740
2289 9133
3293 3852
1499 5250
1862 6581
6 5940
3737 5163
4236 9435
364 1869
6581 9900
1158 9634
2602 7011
2992 4610
2010 6346
3926 5475
2469 5470
8000 8995
4033 8308
2487 8297
3816 9577
730 3946
111 2559
1464 6117
8240 8890
2033 2598
4985 8112
2955 6477
605 4778
2120 8830
3972 8467
666 4991
1381 8716
8147 9631
342 1336
5213 5671
4074 4250
7 4836
282 9922
5324 5545
8314 9220
4120 8648
2545 5545
4260 4836
1953 8614
9 9187
279 3833
5396 6923
3149 4256
4516 6312
1045 7244
2059 4156
3522 8000
8467 9759
1033 3671
2063 5276
1045 8994
1002 5947
2745 5641
336 799
5708 6477
5983 6216
1123 9754
2031 7974
4836 7042
966 6212
1128 6275
2569 6558
1378 6394
171 6581
6590 7026
730 4763
4120 9950
3984 4344
364 6923
1362 3804
3116 6189
3092 8134
3615 5192
7375 8262
1941 4778
7830 8009
1438 3972
3829 7276
2519 4336
778 7934
710 7597
8669 9294
5421 8587
2442 6165
8716 9729
4550 8143
5422 8501
596 2503
2442 4082
4058 6354
665 6749
6740 6776
7611 9078
8794 9964
2039 5709
2090 5231
4550 7150
6776 7920
6812 8658
4539 8314
1450 2042
1605 5755
3005 7540
3557 6764
3175 4716
1055 6312
4516 9133
361 4609
6361 8836
2519 9577
3212 4484
5379 5700
5709 5752
358 3557
6114 6469
3178 8585
342 8105
6805 8766
4576 7722
744 8774
3218 4283
7489 9326
4344 6165
6321 7089
5938 6031
1497 6532
6067 6724
547 5558
596 9896
4550 5434
2629 6672
9131 9220
5208 5558
364 9804
2102 5931
596 5430
6792 7016
8508 9964
3696 4646
2630 7539
4645 6740
2033 2120
2108 2853
1941 3816
5862 6085
7150 8941
1583 6840
3114 6361
3358 5156
290 9964
1605 4261
3737 7337
5870 6395
4420 7546
6232 7152
268 8658
2311 8112
3058 3904
7803 8971
4437 4783
710 5324
648 8485
1134 2375
6413 9879
4415 5938
4420 6004
5558 9131
1788 6846
4306 5152
3481 3700
5848 9182
1128 5087
2785 9364
3178 6321
773 8830
2451 4117
1522 3385
2745 4716
7011 8414
6678 7256
5637 6742
2179 7230
1055 2511
2696 4048
3092 7597
5434 6812
9641 9775
2916 4763
2840 9655
1822 8175
1211 7871
3514 5402
3743 6812
336 3619
7 2511
290 3212
5256 9116
6812 7150
8297 8479
1540 8669
4144 8167
7622 9489
2302 9964
4261 6446
1563 4577
2311 8052
7042 7546
5501 6153
2173 8006
4609 6064
1055 6581
5355 8049
361 483
7042 9552
4303 5350
8749 9294
3059 4663
6696 9126
6678 7127
6263 6536
1217 5828
364 4645
7992 9759
5836 9408
2303 5324
3190 5841
1822 7623
6476 9894
4303 9496
7623 8175
7928 8105
1927 5938
5940 8176
648 3670
4170 8584
3868 6618
6426 9825
117 9294
1336 9964
4348 7628
68 4808
3743 7614
1665 3577
878 8308
585 3852
692 6022
3219 3510
451 3714
4336 8000
1622 8000
3743 4250
6371 9112
6283 9109
1278 4043
6420 6436
4250 4609
577 1870
1086 1709
2475 9922
1155 6640
2302 6031
340 9297
8816 8936
1665 4250
258 6064
6923 7197
4082 8968
2240 2696
6810 7084
2785 7992
1881 4819
5281 6812
8090 8749
4897 7695
4836 9900
5755 6548
1953 5637
730 4306
2475 9730
1622 3149
5324 9220
2785 9759
2147 9274
2552 7320
647 1170
8419 8669
182 5671
3127 9848
1336 2302
3383 4450
5130 6810
2646 8592
120 9112
8648 9945
5434 7150
2477 5671
685 6678
1672 3549
1519 7406
1461 4484
724 1158
1022 2970
1870 3114
2059 9879
3638 5188
6004 8749
5649 6466
483 7150
557 4797
2126 7843
9644 9718
5843 7623
290 1302
1336 7016
3618 7276
3114 4088
2683 8677
4256 4336
3670 9490
6532 7546
3574 9606
5215 5931
8831 9820
2300 7390
4757 4985
3685 7539
6658 6703
182 5192
1738 6426
1622 3904
6165 8968
483 5434
1194 4778
1277 8831
557 1957
85 9440
2785 6130
982 2697
5469 7084
1336 9922
2455 3522
1438 5545
702 1769
1467 4699
3972 6998
1387 8231
1211 4778
1194 2519
4415 6839
242 9875
1141 4718
8424 8936
4405 9436
6740 8175
1328 1507
475 2970
1560 1953
5725 7833
6321 7803
1862 9076
2213 3068
6469 8345
3577 6812
8920 9922
5060 9304
1769 6581
3434 8606
4260 5947
3364 9182
605 1622
1870 7042
1357 5065
2856 7852
6361 9480
24 6825
8048 9894
1361 7832
43 8606
364 9020
109 3218
4539 9220
5545 6536
17 4222
2785 3972
4452 7204
1332 4952
1950 6566
8419 9174
1538 5655
1815 8846
3522 4336
4283 6547
701 1940
5434 8143
7461 8924
3346 5354
702 6776
1784 8958
7248 7358
7803 7871
836 5641
9133 9552
5279 6275
154 454
8176 8508
5940 8743
3926 7256
1065 7403
8452 9055
5211 5637
2655 4336
7415 9294
6558 9184
1278 6117
3946 4763
942 5126
1580 8763
6989 7115
68 2872
40 2315
4497 5570
454 1711
3994 6236
8308 9966
2181 8941
522 6413
8189 8508
4574 7171
1540 5771
1267 1534
6581 9480
873 1085
2545 6263
6 342
2284 2678
1072 4425
6075 6444
1870 4516
2444 9775
8716 8763
2519 3149
860 6021
6617 7731
279 614
3994 8669
1277 8355
4550 6978
2545 7992
7809 7928
120 2853
8383 9462
4716 9848
4303 8606
7161 7173
6776 7601
4438 8105
7928 9964
3547 4679
6989 8172
4516 7546
7810 8252
878 9174
5868 9755
1139 1381
117 4033
1336 7809
3481 9634
6341 7992
3743 6978
6394 8585
1302 3212
1033 4302
2113 8273
2627 5859
7597 8134
1183 9620
3092 9220
3826 6978
3605 3612
290 2302
3955 6248
702 9552
7101 7192
1874 9197
6897 8847
3923 8585
1302 8176
1336 8794
2302 8262
1141 1876
3471 9435
878 6004
2455 3904
2469 9729
111 5085
4514 6707
3804 5090
878 5188
4379 6476
1055 4420
3080 8355
5078 7053
198 7799
8105 8262
7276 9248
2033 2503
3149 3923
3460 4966
3666 8207
2952 8716
5731 6640
342 7809
1298 3201
3453 7177
1816 7995
5130 9631
6263 8609
1540 8090
702 3127
475 5245
6776 9848
4609 5379
1045 2627
4889 5562
950 4447
1563 5065
878 1538
4645 5396
483 2503
1738 6117
3080 9966
1957 8710
4452 8913
2519 7089
7833 7920
4452 9462
2990 6085
2829 2916
3367 4302
364 8752
2709 9644
136 3037
6846 7978
6514 9569
579 931
1821 9327
987 8147
6706 7538
4146 6022
5624 7597
2992 9644
6696 8584
5756 9896
872 7588
1194 2455
6536 9220
5940 9964
2387 8743
5098 5290
4326 7489
3293 5843
6724 9394
2598 4609
7838 9182
5324 5624
9945 9950
587 7492
710 1171
3212 8262
987 6426
702 4516
7 8836
4144 4916
6075 8176
2059 2172
2455 8000
6872 9235
1621 6413
1194 7871
1034 4048
4074 7614
258 7150
3737 4663
630 1033
182 5354
5188 9294
171 3114
8523 9697
8105 8189
4609 6978
596 6978
2059 3751
1660 6346
2434 8092
8308 8419
2502 5671
7871 8585
1497 1862
4425 8172
1474 3993
3791 6067
4447 8553
3671 4302
7042 8836
4897 5690
8207 8504
6476 8048
2409 2561
6 4438
8262 9922
4663 6327
4577 5354
6850 7995
4484 6444
2289 3494
8175 8354
8467 9414
171 4088
1153 5670
614 7115
5130 8147
1194 3058
7622 9681
774 982
3953 5214
7546 8936
76 1560
3615 5209
1464 5469
4734 4966
6114 8345
1057 8190
4836 9133
1182 4326
476 5843
1369 4783
3178 4153
1171 9131
7387 9759
4082 7204
2303 5545
2561 4985
4645 7920
6321 6394
268 5434
6244 9245
2609 6035
4778 7803
614 9112
2510 5231
2181 3826
585 8175
3577 5756
3992 6085
9220 9482
4940 9718
6031 8189
4931 9078
1438 5624
5653 8688
3852 9020
4742 7913
1769 4516
3993 6035
3367 3671
1211 7803
109 8342
4550 4609
3436 6996
3148 4718
5875 6351
1133 4823
6361 8936
3092 6130
1002 9900
3926 6483
2785 6536
5558 9482
3904 8182
8262 9964
5104 8688
5799 7036
1045 3059
3749 5686
1977 3615
268 9896
8879 9603
5256 9453
1965 6256
3119 5922
738 9569
2289 9480
4420 9820
3719 9696
870 9733
8816 9133
7905 9620
866 8876
5868 6245
3114 5947
5345 9138
1538 3080
268 2181
6021 6143
3385 6087
3994 8355
2284 8172
7151 7601
6661 9109
4514 5269
4033 4420
4153 7089
4914 6166
1530 5709
4931 6764
3638 9820
557 3178
7042 9900
5940 7928
171 1769
7075 8743
7920 9848
13 3126
1621 4293
4484 8176
579 4716
3383 3434
3486 8215
5513 7905
10 76
3737 3829
255 8147
342 1302
5690 6612
5917 6123
6810 9825
2312 3643
3058 4153
6130 6536
2451 4677
3212 4415
4832 6779
1795 9042
4179 4379
2240 5065
72 1133
1144 7620
4078 7492
3816 7803
5132 7019
171 6532
1438 9414
2455 3178
521 8112
483 5756
8609 9131
1002 4516
5208 6536
700 3351
2011 6706
6 4415
1076 1443
5843 8752
2923 4594
1336 8105
2317 7375
5757 8074
518 8710
7075 9922
8716 9908
5372 6028
9202 9941
873 4873
3972 5545
9 870
6621 9715
1055 1497
4082 6810
2721 3293
4153 7803
1902 7387
8716 9139
691 1725
6282 7577
8752 9020
3494 4836
2434 8049
758 9245
3928 5977
4883 7781
2658 3396
5843 6740
1738 5792
2315 3294
5690 6636
6548 7337
783 4738
342 3212
692 6989
2552 4293
76 5433
995 8354
712 2168
7216 7239
4685 9733
587 4078
2289 6361
684 9641
1258 7998
7995 8540
8074 8540
6133 9616
4001 7015
503 6435
3450 5686
605 7089
7016 8743
3578 4539
1055 3114
6678 9167
4931 5281
2437 6618
3987 7101
4074 5430
3074 8995
514 9203
1211 3522
2240 6035
4260 8836
4164 4821
5977 7239
3178 9898
2672 4226
4048 5354
2582 7663
2655 8995
3923 7871
1002 4260
5892 8189
1302 3849
310 5642
3279 6321
1336 5977
1094 8646
1964 9577
4321 8831
4256 8000
5545 9759
557 3932
1426 3873
17 2027
6117 8147
1194 3522
4405 6212
1474 9729
1194 3149
1563 2696
3219 3926
3826 8941
3092 5558
5470 5570
2696 5209
1474 4293
5208 9482
3617 3947
1171 2785
3059 6282
182 3993
6792 7075
710 8467
1474 5209
3294 3784
1021 7952
4153 8995
4484 6839
4074 8143
8677 9600
2609 4048
268 596
2970 7482
2302 9922
2317 3212
176 8294
2289 8936
8501 9453
2510 6950
7992 9131
4010 5060
5132 7449
6420 8980
5914 9197
2721 3852
1665 4074
150 341
836 4226
3114 3116
3046 6672
40 1456
2303 9759
4089 8587
1183 5513
5365 7577
1941 4153
1277 9174
2011 4516
1694 5755
4726 5708
4415 7016
3279 3923
710 9414
2251 9139
4911 5156
4812 4873
1464 9631
4614 9317
1821 7337
4425 4914
7016 8508
4812 9695
4321 6236
2952 3351
1795 5649
3092 6998
5087 9453
361 4250
1438 8134
4763 9548
4415 8743
9644 9967
5146 9012
3351 8716
1168 2559
5771 9174
3080 6004
1336 7239
4897 6636
5843 7601
7492 7539
3827 4808
2317 8176
3852 7151
1411 9120
1580 2661
258 9299
6259 9182
3670 5190
1530 5752
3618 5468
8182 8995
3459 6677
7520 9225
647 4986
3032 4428
7435 7482
1055 1769
4625 5360
1711 9246
3346 5209
2409 5475
1211 3816
7461 8126
4082 5130
176 5700
1302 8262
290 6075
4415 6075
4355 4401
268 5281
1538 2225
6236 7803
5508 8506
2992 4248
993 6817
6470 8621
4064 5279
6130 9220
3432 9634
9042 9979
1862 4836
3826 7150
3578 9482
7928 9922
331 685
4428 4677
579 8354
1387 6891
3926 6876
1034 2609
1965 2375
3510 6483
4699 8846
7601 8354
1902 5558
2658 7588
547 5324
1150 7347
1194 2655
3116 6532
396 3385
7787 7902
3904 8000
2240 5753
2672 2745
7540 8847
9131 9482
1139 5875
4180 6231
364 5843
8770 9496
3890 9440
1182 7489
3178 7803
1258 7031
2673 9570
1634 8609
1150 7387
5947 8424
2511 6361
6312 6581
5188 8749
6263 9414
9174 9820
8447 8648
1312 2556
2967 4303
3618 3829
7216 8671
5192 7998
7614 9299
5468 7276
3984 5345
5771 9966
182 1034
8049 8813
8836 9552
4438 7375
4420 9294
2033 6978
3434 5653
3149 8995
483 7614
5558 7359
3 8836
878 9966
2289 4516
5724 8207
614 3833
5208 8134
1072 3833
3 7042
3114 8816
5281 6764
1822 6740
1953 5727
872 7116
2455 7830
4965 8048
2991 8092
3791 4058
2300 8873
6932 7862
5771 8669
3904 4153
4645 5843
5281 5430
4170 9855
255 5792
585 4645
3783 8262
2032 8009
3687 5848
3 9552
2092 3346
1540 4420
2059 4986
5938 7375
3482 8876
325 6741
268 4250
1194 6321
4270 6044
1055 5947
1438 8467
1277 3994
1055 7546
4574 9574
323 1519
3297 9950
3743 4074
364 4716
6634 9462
1726 8924
6514 8646
3415 6997
3972 4539
1941 1964
1411 3653
8688 9246
1395 4882
1022 7482
4425 7115
8609 9414
1822 2745
389 1964
3197 7431
4645 9020
1497 8816
6354 8345
6529 9292
2945 4497
3749 6163
4431 6742
3074 7830
1211 3058
1964 2049
4415 7928
5803 9945
