1000
20 869
90 361
353 994
177 973
279 841
247 591
845 989
516 808
173 632
164 247
484 503
329 785
356 534
730 838
585 684
373 554
174 787
658 919
558 581
299 943
934 960
129 631
647 995
639 756
637 647
151 769
59 947
393 687
254 924
482 616
371 455
331 679
477 824
80 896
209 278
450 639
446 760
902 983
441 450
398 864
886 984
231 465
147 187
46 382
715 782
193 542
838 888
112 302
248 367
308 392
48 630
355 374
55 451
769 947
475 766
192 461
223 892
790 824
46 806
179 282
249 776
100 429
229 330
147 378
429 973
173 421
594 724
224 911
40 961
328 496
686 900
438 985
637 845
129 825
129 841
59 247
359 904
695 766
695 819
594 955
136 701
406 720
517 952
636 691
567 677
356 557
85 395
117 748
308 997
83 247
55 328
160 286
292 451
47 165
153 999
663 972
388 842
230 305
931 997
59 226
115 147
417 865
83 442
662 755
663 722
19 679
489 976
313 478
29 766
703 730
69 531
296 427
308 669
102 336
23 520
171 721
321 719
288 458
502 798
112 451
143 430
639 947
567 637
243 886
271 628
90 576
527 853
328 806
83 888
383 592
90 173
218 248
547 594
179 430
792 798
560 859
68 174
481 673
234 276
578 961
479 999
680 904
351 884
381 584
248 561
147 389
329 780
330 532
336 623
245 442
115 160
442 661
237 508
86 888
234 429
620 916
67 594
382 636
230 349
358 915
40 153
35 711
55 66
254 718
405 882
55 934
145 620
251 906
868 961
297 739
555 880
133 324
598 989
708 763
129 806
238 953
517 641
203 979
112 841
441 532
561 578
756 995
429 818
555 752
568 904
302 748
846 995
446 769
293 594
188 278
418 821
606 715
246 885
143 718
406 884
109 563
164 233
115 324
585 847
403 954
810 879
427 491
160 536
177 888
658 794
664 971
227 939
112 926
180 459
62 418
263 862
544 898
582 906
471 504
263 410
136 497
188 859
380 670
372 658
365 446
143 754
691 795
164 775
715 936
332 483
256 726
218 947
381 817
265 756
74 516
496 631
290 955
478 715
177 396
255 441
485 690
113 903
98 932
561 825
203 245
516 821
427 910
17 582
17 426
30 443
145 615
183 904
293 787
722 985
389 399
247 405
127 438
278 542
943 986
356 949
167 667
39 338
502 677
254 918
329 814
568 978
153 961
430 435
245 606
37 849
279 917
531 999
263 512
491 905
48 253
377 451
222 281
317 629
109 929
52 798
785 792
62 92
73 255
119 795
455 477
160 426
164 381
73 441
860 939
66 402
397 587
225 816
119 246
365 373
534 716
163 690
703 999
421 779
192 647
619 667
8 883
345 736
80 104
543 600
255 397
248 691
245 542
14 321
34 147
392 669
450 943
435 568
687 978
248 278
647 656
494 724
296 380
132 903
440 548
649 774
315 855
151 427
258 782
213 477
560 703
244 694
478 782
46 817
60 442
19 489
986 992
516 585
372 403
235 480
493 905
165 647
291 989
476 721
37 943
142 373
240 475
163 483
542 845
240 886
747 764
38 487
52 383
165 262
527 819
494 824
890 949
29 687
191 229
248 825
839 879
478 479
40 306
329 491
171 234
62 421
15 458
372 567
278 882
764 983
148 905
224 390
167 582
285 930
441 865
441 846
406 465
486 595
245 911
92 430
109 271
204 663
119 607
435 458
209 233
147 160
240 628
174 993
22 427
250 968
18 574
62 151
226 972
355 418
477 546
109 112
74 321
775 1000
68 324
222 677
247 912
447 673
222 895
151 632
112 416
556 585
336 926
813 825
405 869
670 995
398 835
435 755
290 390
608 801
441 656
417 534
558 626
142 775
507 538
278 868
480 678
238 738
147 702
130 911
658 735
303 643
384 608
150 571
245 845
615 950
46 556
704 968
628 833
485 547
133 494
60 238
66 210
47 103
176 769
189 216
532 947
180 912
861 886
588 730
440 796
429 673
80 375
247 691
488 930
508 961
73 402
46 585
496 734
263 972
243 380
102 109
129 279
109 119
429 923
806 845
420 531
738 977
278 967
187 972
260 845
458 930
521 670
210 971
332 716
806 882
451 722
709 960
278 723
196 854
447 703
268 952
82 413
279 546
438 841
961 989
133 824
247 661
227 521
248 775
324 483
118 421
112 958
46 48
287 512
441 639
378 964
234 594
384 484
258 280
19 148
356 401
59 825
214 588
267 565
90 896
490 551
20 142
151 760
223 640
133 672
614 939
34 402
623 943
151 393
582 808
232 417
673 999
15 528
279 800
691 958
142 817
291 961
356 464
254 989
440 552
183 552
127 167
173 227
258 948
700 910
845 967
262 394
87 743
164 428
247 838
393 430
46 296
219 432
427 810
359 749
586 623
465 484
373 677
164 615
421 430
25 557
20 691
416 833
888 999
20 226
459 514
100 835
237 267
248 973
581 943
328 722
136 521
283 515
455 907
239 378
270 910
560 573
62 515
234 992
769 810
806 985
47 208
904 986
66 425
187 934
632 904
19 38
52 193
405 911
429 883
458 760
22 794
22 25
183 581
528 554
590 672
625 718
54 76
263 981
109 691
147 968
5 694
144 430
585 739
356 395
3 916
616 888
766 916
66 98
247 400
22 750
80 147
905 928
568 879
22 856
218 552
404 682
430 528
810 814
287 748
867 904
101 321
99 385
243 586
380 995
118 972
438 972
183 560
851 980
518 745
515 785
197 808
94 821
233 381
435 730
71 992
401 511
376 624
38 822
468 667
188 381
634 722
616 813
389 401
124 565
329 849
177 764
139 730
232 865
84 956
448 848
435 737
842 878
178 981
17 745
576 907
127 546
109 886
135 193
370 834
149 193
616 882
595 710
603 702
235 471
245 594
365 839
221 396
428 668
290 442
35 529
153 482
847 968
552 948
554 719
139 264
488 760
279 471
395 548
103 817
192 515
726 905
305 560
44 60
52 656
321 696
62 412
94 418
225 231
747 935
55 477
448 599
395 856
377 961
247 594
538 691
38 617
485 955
243 914
248 654
465 503
199 323
330 515
477 504
293 520
97 727
183 955
29 380
213 846
177 630
304 699
494 920
365 435
317 330
214 517
416 527
20 723
420 758
80 968
760 879
648 740
444 972
700 931
256 956
144 632
25 794
230 476
299 653
167 863
35 701
202 747
494 690
50 567
304 758
398 648
929 958
84 635
197 910
165 805
52 647
73 756
167 247
307 366
245 961
691 944
247 813
381 382
447 479
140 296
637 934
390 483
652 846
44 278
800 919
481 859
587 718
196 389
34 916
279 734
60 68
271 455
26 542
336 486
80 620
302 756
243 985
502 968
425 620
586 803
705 710
153 888
59 963
377 389
393 754
616 673
62 281
113 868
359 581
338 686
147 507
89 130
165 380
419 535
595 631
605 774
38 396
303 585
648 835
144 325
289 934
741 1000
430 458
482 972
188 934
187 377
240 369
160 825
44 508
653 736
477 486
395 920
355 795
93 224
425 916
738 821
359 943
133 962
173 687
16 331
429 624
705 850
636 939
380 647
25 964
233 860
112 968
475 929
302 689
133 174
359 899
25 865
62 632
723 947
227 868
491 754
260 972
691 1000
529 634
59 278
623 997
235 884
89 147
586 943
691 841
245 997
313 535
691 788
730 859
280 552
110 955
164 726
431 932
604 816
109 132
230 764
521 984
819 861
676 984
328 377
142 947
214 369
92 760
291 578
674 849
186 853
430 446
92 173
389 486
540 710
155 248
636 769
482 882
119 691
129 231
55 336
377 637
291 542
132 249
390 547
430 810
410 570
234 867
429 952
46 218
214 736
62 978
819 910
55 904
144 458
163 790
218 839
115 508
568 632
25 926
265 623
262 494
424 821
421 754
380 639
836 853
656 865
136 826
164 607
238 296
153 219
188 393
376 680
560 690
248 405
44 237
402 968
936 942
5 505
238 808
276 393
508 868
147 911
623 652
605 819
179 198
359 461
254 720
60 245
251 385
595 691
340 923
517 886
46 859
353 522
234 396
621 952
234 278
806 847
204 635
55 129
192 359
353 401
813 865
201 565
275 484
733 1000
355 958
485 824
243 628
353 773
84 560
34 865
578 594
824 929
213 905
328 451
663 691
486 662
155 818
479 730
818 952
520 594
641 981
293 335
109 582
421 632
358 421
637 734
160 582
129 662
233 859
234 624
45 902
750 887
27 879
377 631
219 876
450 670
151 754
164 624
263 748
19 617
258 771
476 881
491 760
760 814
517 730
185 438
671 766
14 201
699 718
79 544
397 516
218 278
22 115
102 249
563 687
89 702
332 471
140 379
271 418
556 739
263 741
528 687
647 677
425 534
478 955
62 255
695 984
210 904
278 606
568 769
285 508
183 218
405 723
766 819
160 673
810 930
451 691
127 496
377 662
59 209
72 948
418 748
260 336
757 886
370 931
147 867
48 808
142 601
381 775
450 846
405 1000
380 958
151 684
456 569
663 734
429 616
296 704
197 630
293 707
517 999
636 917
417 425
374 906
260 546
636 859
142 839
563 886
180 364
165 947
356 848
425 887
451 960
38 973
395 574
62 365
144 491
496 806
567 639
248 952
159 774
196 496
417 916
796 948
82 426
115 865
458 821
62 73
416 929
217 962
155 881
317 504
62 687
381 963
623 689
238 444
882 1000
83 961
383 647
540 596
124 267
687 695
39 686
140 516
283 716
637 656
229 673
185 904
495 828
424 458
598 683
68 806
380 563
183 803
769 779
69 437
447 730
186 398
74 709
27 687
177 710
122 952
378 730
117 971
29 462
183 520
734 800
382 591
59 405
393 686
527 691
213 385
104 417
462 477
345 795
716 727
62 895
477 766
493 590
109 455
163 523
136 215
143 390
147 496
510 991
31 79
35 991
542 868
46 871
477 972
397 755
225 465
47 59
133 690
579 673
243 355
487 971
73 383
730 888
240 296
443 981
481 753
279 854
416 687
73 330
137 225
157 493
416 563
796 981
26 612
451 734
29 833
59 882
55 972
639 647
255 383
420 484
481 904
227 706
527 687
353 996
69 226
153 838
47 939
869 939
362 565
857 996
17 453
136 372
82 677
624 680
607 981
151 848
89 380
581 905
399 999
143 373
103 860
73 865
494 520
103 591
451 806
130 610
35 800
274 769
522 994
68 638
380 798
361 368
410 911
334 700
160 730
325 358
595 854
441 995
709 719
186 933
336 985
313 996
34 534
260 377
192 330
739 806
234 845
368 968
427 726
297 754
738 929
808 906
42 412
19 151
626 849
427 904
103 825
283 450
100 774
458 554
260 934
103 769
255 947
637 792
225 275
398 980
588 813
323 334
598 661
810 978
563 824
426 773
182 203
778 903
127 595
47 805
76 548
647 722
716 947
600 825
112 691
394 574
172 795
73 974
523 955
365 491
185 365
381 769
142 450
25 623
835 861
25 265
251 539
22 916
27 978
516 739
176 422
455 819
22 587
124 745
528 810
29 416
136 270
438 496
80 538
612 725
103 1000
456 701
389 999
47 775
491 769
413 471
90 442
46 68
279 389
83 912
459 485
260 734
160 534
3 931
334 427
52 369
143 814
170 389
186 527
16 38
502 881
800 991
167 279
94 748
565 589
395 477
248 963
47 839
365 632
183 293
142 636
160 425
10 251
610 911
461 712
3 559
573 671
835 864
798 947
306 578
752 911
110 587
109 985
694 724
189 481
331 835
875 990
534 750
161 898
44 306
691 929
279 556
429 881
736 900
420 771
4 627
151 879
62 380
317 483
787 986
243 929
16 679
438 663
673 703
155 289
595 841
555 732
46 825
418 958
582 739
421 814
302 464
90 507
386 973
825 854
60 845
18 494
567 591
68 955
707 824
27 297
528 879
240 954
512 927
468 573
103 869
462 886
722 777
723 733
20 103
118 393
386 630
494 574
290 599
164 382
482 859
204 975
606 989
35 627
442 578
55 825
705 989
626 715
553 626
46 917
27 373
144 297
112 260
406 557
62 502
184 972
22 887
68 707
180 667
623 968
73 847
175 234
73 192
151 779
696 719
438 825
687 691
733 939
192 450
606 961
171 684
486 985
59 591
112 279
153 598
243 795
486 854
925 948
71 787
694 790
297 528
477 985
244 905
291 594
224 334
418 929
390 594
384 885
130 603
174 494
846 865
239 645
144 568
258 531
341 776
112 438
595 722
260 595
324 694
14 277
129 496
306 961
22 910
127 825
147 260
389 477
147 477
68 189
221 679
55 663
795 958
183 962
738 906
115 658
224 982
534 623
143 329
673 680
142 188
54 84
161 356
84 402
766 887
865 995
866 976
227 862
336 845
68 452
656 787
476 942
427 760
285 932
638 738
430 779
82 972
798 846
538 896
360 931
662 845
349 942
19 976
177 476
234 306
163 812
98 508
712 757
358 839
283 677
225 972
402 847
462 833
380 450
260 631
15 430
167 486
73 450
143 340
244 845
188 963
589 966
378 689
374 606
136 275
40 989
723 775
631 637
424 899
104 185
528 568
196 377
546 662
482 838
237 565
448 696
814 879
3 773
587 884
62 393
380 477
356 782
912 989
478 673
60 296
427 430
365 814
42 875
586 904
485 731
305 494
416 455
31 455
255 670
25 356
192 656
440 823
133 812
217 684
68 993
955 969
240 380
686 866
195 356
171 853
573 730
534 766
89 752
22 432
691 734
90 227
367 810
329 528
380 420
66 794
46 720
71 707
537 649
491 839
325 904
588 600
218 247
536 938
52 736
715 825
104 813
662 960
112 985
153 845
687 760
305 764
83 720
187 546
639 995
315 633
252 561
481 980
302 926
78 699
492 494
272 786
455 886
36 660
13 866
191 380
367 375
382 817
952 973
608 875
14 240
247 248
373 488
591 947
142 278
318 718
247 673
447 588
531 942
165 589
165 667
213 803
287 421
118 632
38 476
630 849
144 978
690 790
385 906
670 798
212 317
577 592
328 825
39 698
682 983
248 429
302 991
158 875
507 558
456 809
143 978
22 866
25 766
167 631
582 806
104 480
734 845
586 985
330 383
276 388
240 455
884 924
504 629
442 961
576 653
859 999
183 540
374 967
703 763
573 951
462 586
616 999
849 973
374 442
127 187
795 819
35 398
621 973
218 723
23 603
32 440
103 839
191 216
310 835
821 985
224 718
20 46
628 861
652 749
173 779
527 985
269 367
100 624
560 600
380 677
656 875
173 329
59 859
687 795
172 275
381 1000
812 962
443 584
475 501
457 516
112 795
449 606
435 930
400 534
488 810
344 399
159 243
427 446
589 786
103 248
405 581
824 833
394 689
112 147
305 942
188 395
43 809
119 984
153 442
637 800
238 906
80 507
446 491
32 72
933 942
563 958
62 383
437 942
165 481
477 919
371 437
5 979
738 847
441 567
279 452
738 739
67 707
485 520
152 482
570 741
178 741
780 990
365 421
129 734
245 578
195 798
845 868
279 722
459 684
691 859
247 598
769 859
69 955
296 516
329 930
153 278
455 475
353 582
214 838
20 164
293 996
540 586
95 234
639 785
205 924
247 861
72 542
217 993
571 803
85 820
365 978
476 818
299 888
825 934
355 985
302 936
40 278
582 638
325 930
119 886
382 869
756 947
210 664
278 817
112 833
542 912
419 561
514 684
188 939
486 637
257 909
749 904
209 817
600 673
192 923
147 916
29 984
212 957
183 846
263 664
11 653
325 427
209 769
438 595
718 924
153 846
800 845
418 985
585 808
413 917
450 637
62 123
396 587
47 226
324 824
330 567
323 778
51 815
750 864
144 528
532 670
482 999
254 726
274 422
552 652
297 430
869 1000
564 706
520 603
278 540
213 540
255 983
62 947
350 538
821 886
243 475
38 894
29 91
833 985
239 730
382 535
133 790
723 769
15 62
231 623
46 209
529 991
390 732
253 332
46 552
68 163
724 812
497 589
234 405
340 429
67 727
687 886
376 614
528 632
117 892
178 268
196 572
446 568
167 662
260 477
806 960
219 846
25 160
201 966
181 435
248 939
508 967
186 481
20 775
187 477
297 373
718 955
279 296
145 322
446 936
127 637
607 796
127 806
321 503
687 929
773 975
6 497
42 201
400 789
216 385
621 849
485 695
421 458
447 813
205 480
278 912
443 517
544 782
62 441
315 970
124 628
216 673
189 191
552 905
73 785
456 927
127 845
103 142
38 386
262 492
595 734
496 663
272 428
68 594
278 594
255 515
691 984
78 771
163 621
471 534
384 617
317 808
248 769
35 510
489 866
824 985
83 737
318 660
328 389
267 861
723 859
142 591
893 900
136 707
682 700
283 567
587 905
173 554
36 670
244 376
687 985
52 846
508 540
123 418
626 968
628 819
60 598
534 969
441 647
178 805
405 963
502 558
183 366
489 905
431 587
416 985
167 934
299 907
373 879
147 377
940 946
592 798
588 999
13 942
183 690
306 989
327 776
18 920
435 893
285 750
15 325
22 270
572 866
72 258
412 895
47 188
297 904
600 813
22 620
167 800
380 637
160 882
67 200
324 523
555 720
289 386
171 582
528 769
40 291
247 279
38 740
393 842
98 867
594 912
155 476
560 956
127 663
54 230
750 980
779 879
293 824
160 232
191 753
543 813
395 824
486 722
238 556
62 639
355 416
40 606
118 488
477 819
661 822
183 483
61 581
179 375
373 393
817 1000
628 958
62 491
510 529
568 814
44 83
608 829
283 846
54 395
89 610
47 164
112 861
42 895
425 715
325 632
491 879
69 478
696 709
10 906
532 647
201 722
540 905
716 858
705 886
542 606
715 955
355 586
115 417
304 881
401 848
560 730
19 663
573 891
305 707
147 854
175 405
192 502
482 517
286 482
226 278
512 540
443 960
182 710
425 787
711 914
451 662
173 373
336 496
192 846
397 576
492 824
257 341
22 849
247 963
796 963
561 741
528 754
224 523
591 882
188 817
72 823
427 488
558 583
491 814
104 865
631 734
381 723
260 451
247 733
358 754
383 798
137 816
143 297
218 226
240 687
684 731
690 955
324 724
806 866
318 340
62 144
336 595
936 991
38 177
722 840
755 795
279 491
383 756
270 700
846 947
167 861
40 136
695 958
551 755
630 818
186 578
83 374
628 752
122 142
800 960
573 735
715 991
19 491
63 245
19 747
522 996
336 972
637 639
639 846
378 796
29 819
386 621
365 564
225 384
489 617
187 389
435 446
233 248
795 861
280 478
249 341
377 934
383 639
221 905
719 960
294 800
421 663
377 806
277 866
691 824
623 679
813 882
671 919
159 932
92 491
500 661
286 644
147 841
869 880
36 112
279 585
31 661
502 567
806 917
93 982
180 861
262 701
143 554
637 947
521 707
821 906
279 707
196 260
47 1000
406 469
581 997
213 218
186 707
219 983
444 862
488 769
393 458
217 724
502 628
536 773
776 936
249 903
508 661
247 707
560 724
44 285
20 859
151 554
67 601
136 186
591 839
209 839
174 724
631 691
543 859
421 747
112 806
19 396
91 595
193 281
187 486
173 435
527 886
67 824
355 766
520 690
25 680
591 733
100 175
823 877
336 700
147 555
5 252
628 695
547 993
707 724
20 733
547 690
378 435
26 44
25 406
325 510
78 420
293 992
133 724
6 215
656 785
548 823
532 865
118 329
245 661
430 620
186 670
395 494
50 372
62 458
821 929
502 515
790 962
5 485
248 662
26 153
202 432
376 481
19 928
10 403
29 824
286 395
233 963
112 824
536 582
305 690
554 978
359 846
421 687
516 847
435 839
750 851
153 306
22 425
40 372
22 37
620 794
430 839
413 538
62 568
80 794
132 846
825 882
491 554
331 396
98 714
330 656
521 701
258 304
22 658
143 446
754 769
373 413
438 722
73 637
567 865
496 854
563 984
563 795
155 973
118 151
234 578
286 838
782 890
278 381
489 585
15 358
28 741
226 939
177 429
321 960
247 381
591 817
119 243
67 293
192 947
142 859
386 881
491 568
254 458
291 661
402 444
825 963
887 916
25 147
546 845
378 464
143 879
578 661
232 794
104 887
55 201
167 985
305 594
210 709
68 296
129 845
756 926
39 81
25 164
451 595
256 288
351 924
92 879
380 532
560 999
286 820
691 947
305 983
527 824
677 792
66 658
626 785
670 984
118 810
477 958
320 958
401 599
451 985
701 849
332 629
769 839
69 782
461 899
103 164
281 674
464 471
180 709
32 69
243 484
374 469
380 628
594 606
245 598
291 449
167 841
297 421
707 789
167 845
216 247
630 952
443 641
523 547
174 653
213 572
69 877
543 588
193 674
225 420
356 378
336 534
90 521
90 368
750 766
59 733
73 502
47 947
476 983
101 924
317 332
180 982
10 132
904 930
721 942
106 585
62 232
700 983
29 861
356 623
848 875
40 735
401 454
75 169
258 478
183 623
143 568
62 66
435 554
195 970
667 912
383 995
74 766
863 972
658 727
359 923
593 812
452 582
393 878
303 489
633 970
83 701
516 806
557 756
358 373
224 967
173 769
383 865
23 752
246 923
450 677
153 517
413 756
511 894
189 452
670 865
336 722
654 825
129 167
32 280
271 380
436 766
144 779
926 968
36 565
226 233
62 904
60 917
329 365
364 709
147 825
576 619
38 248
62 756
230 983
514 585
825 947
60 278
821 861
38 410
173 754
218 817
861 984
328 841
417 794
32 715
54 821
435 488
477 806
209 723
730 999
364 654
80 417
153 401
163 724
130 410
545 931
286 560
383 502
694 962
523 812
18 76
904 943
155 821
462 475
239 341
496 985
42 972
325 760
440 925
707 955
271 475
426 582
620 865
478 548
321 709
279 336
233 1000
83 278
190 658
357 507
420 503
62 115
392 997
514 779
163 293
72 548
560 707
66 620
118 325
260 960
421 528
133 390
83 291
27 358
670 756
183 324
163 324
214 747
29 920
695 886
231 503
421 491
214 247
132 419
278 512
243 477
234 598
160 478
361 896
656 995
55 167
109 795
336 691
462 567
536 801
89 798
214 663
458 814
790 993
112 542
35 371
233 591
710 979
479 882
486 809
521 582
3 144
754 810
44 98
15 839
481 680
62 846
455 821
477 749
133 547
656 826
26 564
252 705
568 839
246 745
26 961
3 151
271 861
967 997
606 626
355 475
192 983
508 578
189 238
67 97
293 993
380 567
629 653
557 689
396 754
98 324
691 896
819 985
83 234
160 838
553 849
390 836
330 380
482 600
435 491
80 691
92 528
46 963
86 527
83 861
179 331
468 877
426 561
615 617
703 825
898 997
25 968
153 730
151 451
708 935
296 556
581 846
478 796
806 906
529 881
217 390
306 661
636 765
532 792
226 382
390 690
144 687
164 839
782 823
455 710
176 588
132 561
109 475
430 760
283 785
560 635
477 845
417 658
157 214
44 212
477 691
367 825
365 554
200 336
676 707
447 600
38 239
517 981
62 427
60 234
503 994
621 691
362 421
930 978
183 732
270 671
89 592
62 245
588 776
40 578
280 440
151 602
54 856
318 955
233 733
590 664
18 262
305 547
243 819
30 960
405 558
89 532
381 869
401 926
147 595
160 658
656 846
280 715
25 673
910 983
167 691
589 805
520 547
127 662
378 968
559 773
627 723
95 684
130 555
119 824
15 346
334 982
260 841
585 806
399 608
449 842
129 336
68 279
452 917
388 393
547 790
328 486
393 488
435 779
304 621
658 750
397 606
164 301
689 849
15 978
280 925
594 790
62 528
453 747
402 813
606 967
608 938
359 424
89 677
429 542
243 872
27 151
302 336
902 906
127 389
353 503
85 195
196 617
567 798
234 293
624 883
448 960
169 904
18 492
143 144
165 619
410 628
302 997
225 503
548 824
92 358
297 930
305 520
204 560
254 872
162 356
151 459
233 939
390 853
365 780
68 217
191 425
670 701
202 565
15 904
477 795
712 886
247 845
34 794
71 996
324 540
26 606
98 957
488 632
465 469
570 981
214 673
603 752
520 610
151 173
38 221
431 582
515 756
102 162
296 917
262 775
325 329
397 551
795 984
894 981
825 972
373 427
294 529
355 824
592 670
378 756
89 865
183 993
449 542
142 405
73 995
324 494
221 331
401 562
449 578
356 562
55 196
628 795
213 359
329 626
62 813
419 906
561 910
20 248
11 656
769 775
25 104
425 766
32 877
548 963
189 739
22 336
397 431
272 991
336 389
112 462
144 488
80 887
271 586
15 879
818 973
617 863
637 972
67 142
263 444
159 427
26 989
796 895
621 881
632 754
174 521
119 563
427 779
218 882
240 691
413 418
534 789
491 687
371 872
204 325
296 638
432 599
480 924
372 573
405 591
234 961
16 559
463 853
419 630
92 458
795 929
462 591
240 689
22 876
446 715
471 884
786 805
385 617
380 687
483 485
25 336
27 118
296 739
72 955
30 247
47 860
477 663
189 585
428 446
336 378
235 691
278 1000
291 374
787 992
99 539
277 856
192 424
427 769
701 952
59 775
393 446
421 978
325 779
416 984
986 996
538 626
99 251
147 722
46 769
305 955
167 496
397 787
631 662
174 594
390 408
247 989
372 671
214 560
173 358
800 934
214 888
520 555
663 747
159 582
637 841
516 556
631 960
89 995
871 985
163 955
4 296
92 421
147 410
115 540
546 663
142 248
233 817
46 999
841 972
117 672
833 861
306 598
336 631
905 997
393 491
240 271
427 879
579 929
364 381
224 997
328 631
255 450
178 570
27 632
165 532
502 792
246 542
234 449
165 450
160 750
265 968
839 882
636 1000
133 955
286 730
2 25
143 435
349 721
22 334
410 702
591 1000
132 162
278 769
296 582
34 351
425 750
265 534
73 165
90 502
494 694
955 963
30 51
253 634
83 764
845 960
756 792
293 324
723 839
488 568
481 724
22 509
766 794
243 271
416 824
288 424
947 963
488 554
60 738
691 860
183 586
389 972
147 417
475 477
204 581
554 839
129 985
760 769
440 478
155 386
478 482
591 963
115 620
324 560
291 508
37 133
416 628
278 405
72 112
278 596
165 677
330 637
117 664
160 214
616 838
690 993
164 188
356 898
722 875
31 461
151 514
338 991
102 464
245 306
250 974
446 991
293 305
548 877
192 283
277 321
546 960
377 546
75 365
380 691
381 636
573 694
186 521
255 846
248 882
380 766
377 841
694 955
171 663
552 986
81 738
422 984
330 947
325 800
163 390
62 930
247 306
34 80
330 483
554 760
234 989
260 806
546 985
67 560
188 248
270 372
183 866
397 855
94 483
354 723
260 663
238 638
279 483
67 825
694 732
578 598
394 824
283 502
189 330
325 839
595 979
738 915
171 885
161 302
694 824
29 355
277 810
382 775
244 680
923 960
480 788
189 673
779 839
285 621
218 381
453 935
766 886
320 457
565 940
114 296
726 821
561 850
591 825
37 587
329 458
393 879
483 962
270 919
670 677
34 398
66 417
658 865
90 375
233 636
563 861
602 695
226 947
72 925
785 865
637 854
543 999
4 704
47 248
324 750
600 888
165 792
380 475
127 260
271 795
365 608
247 542
143 458
452 739
23 555
377 854
401 846
100 665
651 671
617 893
214 616
42 225
358 446
164 499
46 869
255 532
378 487
380 849
16 430
167 945
243 582
479 673
237 745
396 455
328 595
766 821
458 528
373 825
209 859
833 958
813 916
123 424
581 749
581 586
104 658
382 963
324 485
160 999
656 670
161 890
302 782
26 449
297 585
450 995
393 395
176 249
153 616
126 378
480 946
438 854
425 658
145 315
517 805
247 291
304 771
586 846
992 996
164 209
62 532
262 574
164 723
218 963
160 247
129 477
825 845
581 591
92 329
769 963
984 985
62 798
547 812
147 361
52 240
563 833
825 859
112 756
72 782
186 984
322 620
151 722
102 265
420 465
174 732
302 557
489 694
567 756
430 623
756 865
478 543
127 715
514 803
243 687
42 118
238 585
14 55
151 358
486 841
553 738
417 620
429 904
578 967
67 993
112 845
401 923
67 390
464 926
26 594
151 689
766 813
418 984
354 668
325 373
795 833
451 841
188 947
846 905
190 284
93 322
243 711
384 721
495 546
164 503
441 515
115 794
906 917
195 395
186 472
362 663
430 687
380 383
124 752
582 738
435 978
167 260
500 866
46 279
573 623
631 800
186 724
27 754
528 814
238 847
389 853
301 443
137 741
334 682
162 195
484 711
479 703
442 989
501 505
234 617
450 532
925 955
429 476
670 846
396 679
402 560
545 928
556 847
297 365
202 421
124 237
83 508
420 766
102 471
486 496
619 861
35 100
485 732
63 438
648 750
592 947
233 769
471 968
247 636
112 336
405 583
119 380
224 583
218 359
129 377
854 934
254 406
780 875
325 879
257 562
89 124
662 691
67 133
28 816
586 691
262 920
636 963
68 732
142 733
226 548
686 806
19 905
253 322
192 567
636 781
68 739
5 12
83 661
159 726
637 677
62 402
592 677
109 638
15 297
427 682
540 943
163 547
270 336
458 879
240 243
122 517
520 911
429 701
279 595
187 800
29 243
293 560
297 879
413 557
283 670
380 886
373 418
153 813
226 248
289 621
62 839
560 616
520 694
792 995
636 817
163 707
75 185
36 542
779 904
371 592
444 664
98 115
329 839
287 645
153 588
624 726
279 845
393 810
209 247
285 540
144 421
133 293
217 234
10 567
73 792
72 280
496 960
604 863
5 330
400 701
449 967
248 795
29 271
942 999
147 800
496 825
290 917
247 374
304 952
449 598
118 373
197 254
592 846
90 691
23 124
279 738
375 432
68 694
477 825
317 640
489 845
737 861
595 662
254 579
663 825
380 527
222 796
721 885
100 858
158 608
373 430
109 687
31 757
450 756
22 865
109 527
478 600
905 943
558 839
381 733
820 970
464 996
118 879
226 859
100 405
212 285
450 973
656 947
383 792
357 968
227 442
464 756
413 599
35 243
517 710
142 517
691 940
145 724
464 857
394 492
247 606
488 643
784 885
967 989
336 406
492 856
26 442
364 923
230 922
361 507
60 989
490 577
378 534
493 971
165 912
402 916
240 821
39 809
546 825
483 520
297 978
547 824
280 877
535 636
440 782
502 785
532 592
320 401
239 588
301 993
27 814
477 861
98 212
377 800
14 503
129 722
254 819
279 663
271 355
209 382
297 435
321 480
850 989
733 947
247 716
385 866
36 747
488 528
60 847
638 806
471 926
336 427
313 382
792 865
215 497
483 955
255 425
438 637
297 313
324 955
86 535
926 928
123 885
226 247
358 528
380 865
430 632
381 860
204 402
813 859
587 674
143 173
74 431
262 856
19 572
55 854
281 895
161 476
548 841
380 785
845 905
209 882
153 859
25 750
502 626
37 52
722 934
388 449
821 917
177 952
27 329
651 766
19 213
589 940
195 367
706 904
661 961
142 952
159 431
475 586
173 297
96 158
59 382
48 552
51 381
76 395
589 722
144 814
94 905
695 833
813 887
245 967
109 821
29 795
60 189
855 867
330 739
424 885
330 471
188 226
76 574
547 707
398 939
446 930
189 297
905 986
22 193
449 989
389 621
658 671
221 928
52 214
485 707
68 821
416 691
336 910
350 413
205 321
297 632
586 984
256 821
471 788
51 443
389 662
389 734
494 548
145 633
167 444
59 1000
521 880
163 494
112 964
410 852
338 809
73 677
124 555
378 586
129 972
705 918
248 1000
250 847
68 556
68 724
179 810
67 68
587 623
766 985
101 205
196 960
898 949
402 658
359 673
83 245
19 892
300 929
297 738
734 985
213 586
123 739
153 479
67 163
405 967
916 928
398 794
151 568
306 967
226 478
72 193
515 846
494 719
262 824
127 451
143 488
239 249
451 637
413 569
684 721
673 859
72 796
247 882
129 225
227 578
66 147
80 558
68 906
5 475
321 724
509 686
808 917
839 963
691 960
196 663
561 654
27 62
173 446
455 695
367 593
365 754
839 869
437 914
67 174
578 912
554 632
523 993
16 623
39 358
300 680
165 283
278 947
583 710
691 819
100 260
45 906
455 739
523 849
369 653
779 858
523 560
658 887
412 796
560 888
726 845
37 281
214 600
142 963
133 664
151 297
371 711
19 196
293 390
808 821
766 824
66 904
62 887
153 989
629 885
478 948
769 978
380 947
560 588
271 958
544 997
47 209
368 507
167 328
418 538
723 863
380 954
268 517
171 390
214 240
587 755
46 906
92 625
52 677
756 968
701 888
44 957
55 389
968 977
179 367
572 617
583 911
548 995
703 888
453 745
202 663
722 854
219 401
190 947
143 632
271 821
471 518
424 629
231 384
144 760
331 430
833 929
340 924
560 812
38 623
318 924
103 939
36 318
661 996
432 983
243 833
688 808
54 394
26 868
131 202
691 930
563 821
224 340
390 485
615 620
527 833
468 471
475 821
396 905
605 643
264 891
112 586
720 884
27 458
628 821
43 686
386 701
18 394
782 925
485 560
340 718
547 694
283 995
305 476
446 904
703 935
455 563
90 880
71 400
860 947
20 382
355 477
92 143
520 993
554 904
691 854
231 420
782 910
327 615
118 297
382 405
167 389
631 972
115 813
396 623
117 210
44 540
360 800
46 733
356 599
405 429
256 424
55 112
662 825
817 825
564 608
425 606
161 544
491 978
724 790
243 638
119 695
462 861
229 753
869 882
83 306
306 845
369 563
378 413
91 583
72 715
418 677
461 673
558 968
29 455
240 929
25 102
532 656
402 865
481 805
176 274
280 948
95 384
394 951
398 627
164 1000
691 839
603 628
477 540
44 661
300 673
72 670
151 373
673 923
656 798
214 999
350 418
196 825
558 691
247 789
301 981
68 297
93 849
328 546
560 786
19 331
136 735
372 735
165 639
548 920
72 440
62 425
278 661
173 880
265 378
852 894
823 963
402 766
286 588
589 701
570 894
424 461
55 985
173 879
418 462
289 304
644 820
279 716
52 330
151 904
192 255
396 928
46 955
257 401
47 591
634 928
670 785
435 810
435 879
155 418
592 792
537 766
438 691
548 574
283 534
547 962
54 574
46 516
429 630
736 795
677 862
778 950
647 792
594 690
83 578
457 817
879 904
782 955
310 784
496 800
477 886
71 789
478 560
800 841
434 583
548 715
477 722
279 691
257 356
129 420
188 382
543 888
209 775
398 851
118 144
581 986
477 905
204 383
648 851
582 972
153 560
254 291
302 949
494 955
145 430
446 528
547 724
192 899
46 808
32 322
127 841
25 689
224 405
306 374
165 798
322 858
20 636
864 980
585 638
694 993
187 662
428 615
225 797
564 875
46 839
109 477
450 798
819 821
868 904
47 278
233 723
325 446
60 556
599 848
279 960
639 670
226 877
89 255
90 357
263 287
480 940
543 673
279 985
187 438
350 373
503 996
147 662
173 814
502 670
599 999
393 435
779 978
214 479
631 854
526 974
112 695
80 658
262 548
600 882
406 756
205 724
260 389
74 715
218 859
46 534
115 232
183 943
151 292
173 427
162 903
816 933
881 952
502 846
173 442
19 866
15 427
734 854
25 658
90 558
226 796
529 573
98 210
234 508
806 808
153 868
868 967
401 448
303 459
330 792
153 703
104 321
232 766
95 885
691 775
263 421
552 803
320 597
349 983
446 879
92 118
380 481
73 250
260 800
623 964
15 435
365 458
521 826
416 886
118 568
127 196
375 896
324 520
380 846
766 995
171 290
455 958
271 886
464 848
478 636
445 626
310 720
523 824
447 560
160 600
227 677
20 278
62 534
136 671
226 258
610 628
443 993
639 798
153 594
40 658
507 896
317 630
337 884
369 573
934 985
272 936
365 879
226 552
582 585
684 695
203 540
278 733
22 62
372 919
25 579
148 623
42 292
529 896
112 477
624 904
20 188
531 668
6 136
517 560
262 395
592 712
437 711
374 449
429 703
147 972
285 324
133 707
534 658
365 810
294 325
357 558
462 821
73 515
722 940
217 690
451 486
183 749
859 963
508 750
418 475
515 792
289 818
375 691
859 904
229 380
72 552
14 810
153 245
471 946
769 796
478 859
161 997
89 441
26 967
686 809
144 930
426 540
245 449
112 378
46 405
732 962
148 392
417 813
406 413
144 291
481 750
639 677
630 973
22 281
55 867
330 639
722 734
196 691
11 174
29 563
297 329
151 773
129 637
118 930
413 964
328 663
540 979
165 775
224 849
118 769
801 829
382 947
112 271
151 329
410 752
595 960
37 573
691 869
119 475
150 777
515 567
822 866
485 494
552 581
353 857
255 792
10 384
695 795
378 926
331 623
255 677
860 963
147 658
293 690
948 955
62 677
725 871
733 817
133 560
620 795
180 908
171 836
74 960
147 628
42 848
365 430
586 730
690 732
152 231
322 615
234 883
89 756
464 968
749 812
812 824
237 324
486 546
588 825
165 701
163 174
163 694
147 691
322 633
271 695
366 545
707 993
275 384
6 172
477 854
329 608
838 882
377 477
279 972
733 859
112 265
32 159
245 581
429 730
501 858
218 775
48 317
147 375
478 730
302 890
628 754
78 758
22 806
490 840
521 656
502 795
806 856
738 766
336 682
418 833
209 1000
62 766
68 133
174 390
112 243
46 591
810 904
42 677
183 477
11 521
623 905
195 286
246 919
88 778
358 632
458 488
349 476
278 636
600 838
383 532
450 805
17 518
109 159
424 923
406 718
165 756
458 687
395 561
110 193
841 985
89 670
35 723
406 924
371 914
528 930
60 83
458 978
83 594
162 249
592 785
429 859
694 812
296 821
450 656
163 485
6 179
132 384
202 214
514 965
643 942
640 900
766 944
112 563
378 822
183 724
328 800
44 374
704 726
632 879
441 798
426 651
36 663
19 421
144 329
38 587
79 886
127 734
427 554
112 464
238 402
268 805
405 939
732 824
900 994
247 769
118 779
55 806
785 849
673 825
398 481
181 274
167 663
283 400
471 756
293 812
421 568
431 516
293 732
112 380
560 923
841 934
471 691
554 769
337 872
118 225
336 806
188 477
409 581
323 854
488 839
243 455
208 481
405 691
255 798
606 845
476 849
62 879
561 705
458 904
529 857
100 204
424 726
359 623
46 384
68 582
330 670
632 839
377 438
825 985
164 226
60 247
271 824
398 750
50 132
5 619
421 427
403 839
351 718
413 464
679 928
177 621
218 586
187 960
73 532
31 712
677 995
790 955
112 595
155 748
358 738
80 357
707 716
561 782
438 904
393 528
520 812
652 986
274 434
381 443
722 845
213 623
247 619
123 629
60 449
218 581
380 416
691 723
621 630
133 305
248 859
591 723
50 403
483 812
678 924
188 218
81 915
245 558
52 639
103 382
484 845
605 942
89 165
586 795
92 98
477 934
544 886
127 800
142 769
62 750
485 602
286 673
46 247
508 932
151 380
129 384
271 477
114 627
574 856
532 846
301 726
652 943
147 502
515 637
374 465
406 689
429 849
285 691
393 904
55 810
237 932
6 795
142 233
477 595
59 103
356 471
279 847
167 806
477 833
32 258
72 226
32 548
183 213
102 132
557 623
548 796
255 785
600 999
286 543
27 446
169 322
393 421
457 958
67 694
109 380
487 740
17 160
147 610
410 610
226 636
483 824
165 945
95 171
445 553
369 891
118 814
695 985
358 458
196 800
124 410
240 418
325 773
46 110
668 999
92 151
214 362
235 788
860 1000
196 328
177 517
689 951
416 819
247 385
803 905
127 486
286 429
38 997
943 985
573 658
246 560
673 998
164 963
262 456
104 232
520 732
100 991
854 985
258 796
233 691
62 814
662 806
55 164
230 834
455 527
515 647
37 674
534 916
257 599
371 484
226 775
296 297
560 962
248 817
112 356
38 263
737 755
406 471
15 118
258 925
315 322
160 620
66 80
153 526
155 429
67 812
410 741
483 732
99 279
153 912
281 677
540 552
336 756
160 517
464 661
357 361
174 656
644 699
249 588
784 861
455 691
514 731
358 810
958 984
102 406
667 861
151 485
358 488
46 399
118 754
119 929
160 916
430 928
451 972
428 999
153 353
127 217
477 496
240 586
739 847
148 430
165 670
182 595
15 488
421 839
189 917
330 677
612 871
839 1000
60 594
156 694
109 249
442 569
477 841
192 865
695 929
356 926
38 881
661 912
308 438
825 960
502 532
66 916
40 912
147 336
153 234
147 637
35 914
375 507
310 861
583 869
203 571
769 1000
443 726
437 531
290 836
529 975
329 978
451 854
22 110
47 481
839 939
424 673
89 383
32 948
69 948
189 380
336 968
289 476
203 867
147 865
177 849
185 205
187 637
544 757
100 605
91 979
19 202
139 468
471 557
364 960
42 797
248 733
671 735
51 584
240 355
60 661
240 563
180 210
459 643
61 409
617 976
390 993
290 318
779 810
226 769
839 859
336 689
730 825
289 881
40 247
270 334
94 704
496 750
260 438
765 927
662 894
40 83
396 430
748 968
68 808
838 859
268 973
60 967
587 849
355 419
129 960
525 649
531 771
647 947
189 821
455 555
180 651
315 397
636 775
67 523
434 769
254 455
278 426
147 896
20 769
247 286
462 563
390 962
40 845
278 291
462 958
708 747
247 1000
330 846
147 451
555 911
395 820
22 277
578 868
573 689
871 924
385 539
482 888
279 582
476 952
100 965
80 90
475 985
540 846
306 606
123 330
637 960
451 825
104 425
358 365
271 527
83 967
750 865
247 859
821 824
588 673
546 722
413 689
773 991
29 112
16 928
52 157
23 911
147 626
405 859
329 435
546 934
402 974
40 234
677 887
583 967
39 766
769 817
99 151
917 969
365 528
82 862
19 362
187 595
325 421
234 393
358 760
472 481
209 963
195 720
240 985
187 985
23 702
351 720
27 427
380 418
592 865
201 940
15 143
248 401
306 912
551 592
455 985
177 619
564 780
164 947
173 491
136 172
169 438
532 785
306 868
178 517
289 429
328 972
20 817
674 959
835 851
527 929
481 864
34 425
297 427
527 861
546 972
328 438
246 607
555 907
212 630
217 825
293 790
55 210
122 805
393 934
797 829
532 995
297 917
636 733
82 997
153 578
240 861
247 482
406 464
512 596
478 552
890 997
164 691
248 881
8 624
173 760
707 812
325 754
479 888
477 483
281 887
297 568
233 869
27 144
144 151
29 958
798 995
38 178
158 365
218 986
373 473
245 418
60 297
52 843
769 860
374 961
377 960
52 756
723 939
884 940
188 1000
427 435
123 784
416 462
389 672
153 286
328 734
471 623
286 478
197 605
173 568
797 972
426 436
651 944
143 224
794 813
102 623
271 416
330 450
327 642
462 984
365 904
349 902
481 624
30 815
305 902
73 567
218 869
355 906
798 865
150 203
521 863
754 760
560 805
189 906
46 636
160 543
450 785
475 958
238 739
178 476
92 393
286 999
286 529
407 926
358 427
754 814
421 488
192 785
732 790
62 794
118 839
189 738
62 222
381 405
764 888
490 722
30 216
396 517
170 999
591 926
329 427
380 756
38 331
93 253
477 527
47 817
20 947
442 599
588 617
479 813
800 885
234 374
821 847
853 966
62 865
483 523
594 962
80 232
368 375
787 826
796 946
605 771
38 905
806 854
620 813
80 425
378 406
35 773
334 910
37 204
222 887
36 202
652 905
374 868
42 151
871 975
329 554
218 540
62 488
520 724
62 620
293 986
72 775
769 879
142 973
73 670
291 442
482 560
380 753
234 868
16 151
425 865
438 546
380 985
36 421
29 119
143 358
248 289
131 158
151 875
5 672
834 922
458 754
801 938
354 863
487 822
586 749
151 585
287 927
42 55
561 649
617 721
673 888
623 846
46 882
112 193
630 741
160 417
173 325
69 280
238 516
262 999
637 662
83 868
461 544
628 984
623 756
396 886
78 304
593 749
687 821
689 964
521 972
668 942
247 967
260 985
54 824
5 156
297 810
265 336
230 370
525 561
71 716
212 932
723 869
239 586
227 413
77 165
71 234
32 478
507 968
167 854
77 589
502 691
142 382
305 812
187 722
6 967
558 896
396 710
455 461
481 648
160 773
345 928
454 853
92 488
192 380
133 594
279 638
183 594
60 306
477 686
54 920
230 381
290 463
336 964
51 923
164 517
555 610
446 554
35 437
54 458
375 558
147 538
719 932
240 795
512 829
35 125
329 421
184 997
260 328
775 869
178 365
119 455
35 294
476 630
418 477
606 787
47 636
468 891
164 869
84 254
152 623
345 926
240 766
315 867
565 747
217 721
267 745
189 229
647 785
192 383
275 967
663 800
634 663
373 632
173 839
471 483
28 137
578 989
71 293
508 957
631 722
555 603
279 906
571 867
148 997
37 857
46 847
315 620
520 628
672 971
101 480
520 523
687 824
155 952
255 592
689 694
582 847
814 930
98 285
178 185
471 940
188 422
477 652
719 871
247 667
631 841
256 750
163 993
147 438
336 934
699 758
136 967
165 592
383 656
119 766
114 726
491 528
599 917
247 508
46 860
419 741
122 268
386 429
243 691
252 989
586 695
341 909
234 388
451 875
252 501
118 173
67 483
246 455
359 652
302 964
129 934
279 934
217 824
329 445
792 846
22 417
263 582
491 779
374 912
177 304
734 960
329 488
732 993
730 954
471 689
82 184
413 534
62 283
73 798
32 169
12 923
737 835
787 996
151 559
188 209
118 687
147 279
859 860
210 491
345 634
263 570
22 534
247 278
278 825
427 700
386 818
416 695
814 978
325 528
35 872
373 810
99 906
663 960
181 426
704 748
687 754
552 955
214 703
260 825
584 960
368 502
442 449
568 687
144 358
186 561
336 662
691 825
167 336
67 324
204 510
733 839
594 989
89 656
20 405
795 894
480 724
74 696
171 617
213 652
174 547
455 929
172 967
192 592
143 904
103 963
940 966
447 478
430 754
514 571
44 594
365 930
442 868
331 720
375 839
393 814
102 302
294 991
60 606
383 441
344 599
20 233
727 947
92 373
795 885
245 595
430 769
153 543
247 447
130 628
591 694
151 731
243 627
151 491
22 147
151 814
247 775
52 283
158 564
418 795
83 331
38 430
133 853
270 682
221 623
637 691
126 822
157 905
300 998
477 821
329 779
380 502
517 705
552 623
824 856
170 384
92 779
139 573
256 264
248 701
164 825
358 769
899 923
475 687
59 636
92 769
156 591
237 957
578 845
350 473
661 967
555 617
345 401
418 691
652 803
283 798
215 795
176 327
691 985
118 358
517 859
148 587
258 548
680 859
547 955
112 355
691 963
340 904
401 853
40 60
429 621
663 854
630 688
219 974
442 542
162 286
61 204
174 824
44 750
255 567
176 776
187 451
124 603
437 872
112 662
104 620
451 663
286 703
825 839
4 159
351 682
447 517
125 723
221 587
374 578
302 406
127 328
47 142
303 615
42 451
74 446
62 430
204 253
408 463
103 691
164 859
221 854
383 947
435 617
760 839
136 670
304 420
19 587
189 847
157 736
438 631
142 860
724 824
365 476
136 573
620 633
60 842
677 895
636 882
67 955
690 724
164 636
703 708
579 998
244 489
210 590
437 668
104 750
528 978
291 845
255 380
245 710
226 963
189 296
255 995
389 722
32 552
594 868
177 747
60 279
546 854
502 756
246 499
881 896
364 584
388 396
320 928
98 237
408 836
265 464
410 981
355 462
364 825
77 262
425 626
543 825
44 868
839 904
839 930
106 881
283 380
69 925
46 739
60 578
552 963
529 800
788 940
305 349
734 806
417 766
825 841
347 933
191 715
476 764
859 882
304 818
849 952
730 882
535 888
962 993
819 958
540 957
328 691
90 968
147 176
293 962
271 819
464 562
592 639
101 724
34 232
29 628
84 821
505 672
15 810
395 934
40 245
183 523
129 663
534 887
486 734
334 849
167 734
581 583
373 754
34 766
67 183
129 438
368 626
623 749
393 978
299 576
193 849
260 486
331 737
784 835
60 821
183 390
183 694
695 731
43 338
349 764
494 932
626 691
800 854
545 997
19 565
929 977
75 438
34 682
424 739
841 854
247 947
330 424
71 283
209 691
588 616
918 989
46 170
486 806
858 965
25 756
144 427
218 846
119 861
677 785
245 868
596 797
331 997
115 887
380 462
197 688
775 947
639 656
795 893
554 687
288 821
16 997
167 912
846 986
248 382
402 750
169 476
103 868
280 963
360 919
418 687
286 573
15 923
390 560
627 726
60 961
234 245
117 534
20 47
936 999
59 769
872 914
26 247
36 796
73 283
213 976
52 995
147 318
262 589
373 687
127 336
824 920
175 883
330 481
477 734
74 420
496 637
586 833
585 731
478 999
718 884
279 400
279 821
528 779
450 517
668 936
703 813
192 219
585 643
334 523
248 630
527 821
188 233
416 958
106 303
178 973
83 606
482 623
27 325
885 919
821 968
278 775
16 144
148 669
464 623
226 733
482 573
62 104
305 390
278 797
112 389
227 904
561 766
19 900
38 621
877 925
430 488
171 408
462 628
118 491
502 639
164 405
119 164
485 684
119 477
595 934
55 691
458 779
218 233
214 565
253 716
297 582
35 885
567 656
471 477
516 738
690 812
471 964
243 958
46 723
421 748
147 558
132 839
112 825
17 536
447 838
167 187
378 893
427 687
579 680
274 435
581 904
52 450
29 240
570 852
234 885
658 766
425 794
328 845
47 963
281 796
246 360
929 998
703 838
276 396
598 961
112 821
483 629
144 393
305 790
67 732
509 866
628 886
214 653
452 556
486 825
538 968
232 813
378 740
561 918
214 813
102 356
254 705
143 687
526 846
25 615
426 630
278 306
586 766
231 484
429 482
324 390
814 904
532 639
430 615
245 374
52 502
390 707
485 923
661 857
112 475
46 164
257 448
430 930
187 496
521 676
899 910
508 912
32 181
29 821
617 866
384 503
691 733
777 940
40 868
153 974
662 854
232 425
385 572
133 454
359 905
167 451
171 722
507 626
112 413
417 750
55 734
449 508
89 555
382 860
89 639
46 381
35 484
280 782
390 724
29 985
179 599
83 449
478 823
112 984
475 795
32 925
26 40
690 824
36 193
816 942
402 425
27 760
223 317
565 722
175 429
76 494
438 477
104 794
204 800
330 784
687 766
723 1000
187 854
567 670
254 910
594 967
561 989
517 973
475 691
338 900
483 993
46 599
452 821
330 502
73 947
595 800
402 534
188 984
290 413
701 747
25 620
567 846
88 334
637 846
46 344
151 365
605 739
226 405
23 130
382 1000
109 958
134 607
592 647
159 638
782 997
336 825
19 640
413 623
382 859
515 865
515 995
62 792
380 861
925 963
542 923
60 153
436 671
275 503
667 945
441 502
263 521
782 899
508 845
258 877
212 750
653 656
765 969
462 766
815 923
249 615
239 617
833 886
30 593
118 528
171 529
26 278
330 629
164 443
129 800
555 869
151 849
438 960
133 163
427 839
77 809
446 978
384 684
724 962
52 62
54 381
543 560
38 429
127 985
785 846
510 800
278 442
502 995
435 632
356 997
157 653
278 989
216 229
715 963
429 956
148 396
324 707
426 512
151 954
422 796
147 357
401 974
839 968
586 687
577 722
233 775
210 279
437 999
805 973
290 408
247 560
68 790
66 887
851 864
496 722
246 371
177 386
555 583
147 328
234 787
164 248
357 839
248 386
25 813
30 385
133 590
133 493
15 769
336 800
540 750
458 632
191 330
248 869
40 919
46 389
302 623
482 797
109 162
422 854
473 538
788 884
44 115
59 188
453 708
371 712
15 393
477 800
210 672
305 721
164 277
226 782
283 592
591 636
69 262
25 66
548 925
62 637
743 903
163 183
112 670
196 845
698 738
803 867
133 520
188 686
296 954
670 707
429 517
290 853
544 949
553 929
449 868
278 591
829 938
760 904
581 652
147 750
620 658
455 824
151 279
535 940
629 784
27 769
380 695
304 630
245 583
964 968
355 563
356 964
389 608
263 927
544 890
26 924
25 998
179 396
55 662
191 787
395 644
119 271
254 288
14 246
26 598
464 689
26 508
196 336
330 332
20 209
320 634
32 823
12 177
373 769
92 687
620 750
488 754
687 833
554 879
488 978
52 792
66 865
330 995
109 766
297 847
643 933
369 736
375 599
361 968
628 929
162 820
147 425
373 528
628 766
689 926
203 710
444 582
407 591
165 247
278 578
671 944
503 810
453 763
59 142
389 841
94 845
250 977
219 526
389 800
276 449
972 985
26 245
234 313
289 849
534 926
760 930
46 555
817 882
552 749
510 975
232 658
452 638
129 147
587 679
764 940
23 628
66 115
690 962
76 920
695 824
442 967
227 794
238 297
144 373
248 860
90 839
27 173
160 588
327 588
186 701
523 694
136 984
745 784
585 602
98 750
296 849
91 710
143 290
676 701
584 815
209 947
488 814
210 459
46 582
485 523
554 814
455 745
632 814
147 546
514 695
89 628
389 637
217 547
485 619
595 637
378 557
355 821
253 529
412 887
554 754
551 775
143 769
143 839
592 722
329 760
325 810
662 795
691 766
26 374
247 449
217 483
429 825
17 353
27 839
486 663
84 204
103 775
52 670
11 787
72 963
124 520
663 845
286 857
628 824
240 695
177 701
260 854
281 849
596 829
455 628
67 336
27 430
426 797
118 978
477 885
183 812
73 656
496 546
147 663
186 939
294 510
92 446
117 590
450 952
344 389
357 538
691 934
187 845
424 784
437 484
46 775
16 19
668 723
98 540
462 691
165 861
317 471
677 947
386 952
278 860
401 928
256 458
278 598
421 810
478 877
165 637
244 483
91 920
31 866
150 882
796 877
334 336
355 455
700 922
582 773
624 981
115 237
865 887
301 517
112 775
103 113
82 829
623 926
560 824
450 592
456 589
839 954
994 996
76 262
37 985
286 970
130 752
839 947
277 509
247 869
849 982
477 552
196 985
364 815
288 726
383 670
89 515
551 840
336 546
119 499
47 882
36 775
136 676
496 595
733 869
188 405
156 330
133 483
253 722
461 923
213 552
499 607
368 691
462 929
117 302
142 457
248 894
585 695
160 447
418 886
148 179
356 544
280 955
126 740
377 722
210 867
186 676
168 257
520 752
233 382
40 374
390 694
226 882
279 297
188 825
79 461
52 192
431 638
47 381
587 924
274 378
306 508
438 800
766 915
182 245
636 869
109 586
384 403
410 603
94 155
435 687
36 214
706 868
758 771
527 795
329 564
109 833
515 947
227 398
389 923
192 441
203 234
680 998
911 967
725 924
418 766
877 963
715 787
591 859
835 858
14 42
55 321
841 845
482 703
428 942
143 365
325 687
382 839
187 279
99 210
248 755
40 449
464 503
68 485
329 990
278 382
535 764
523 790
15 899
258 955
340 956
191 626
46 47
174 523
785 947
540 904
859 1000
115 285
174 560
590 971
217 494
143 810
406 964
638 906
803 943
520 955
321 678
29 475
523 982
733 860
430 554
625 699
52 380
574 824
568 930
262 809
249 846
37 923
179 679
824 962
859 947
455 586
196 734
849 954
495 915
795 900
226 440
478 838
886 985
144 173
517 588
37 389
234 754
534 813
416 795
297 458
527 563
279 631
426 671
279 477
508 594
305 523
408 853
338 486
62 916
257 464
164 321
234 542
630 881
447 482
934 972
271 462
617 732
131 432
365 687
52 849
616 825
567 592
514 835
209 226
59 869
74 755
422 769
377 985
26 871
540 583
151 839
377 496
656 677
279 328
583 997
144 161
157 369
508 598
204 638
297 325
43 991
483 547
54 288
796 823
381 839
118 458
203 583
196 279
232 750
52 567
682 910
192 639
34 620
441 670
445 849
16 221
636 860
185 321
20 1000
142 551
578 794
254 337
247 945
181 755
648 949
330 753
381 939
167 619
155 177
289 686
52 532
336 477
355 886
80 502
357 368
50 384
69 428
258 440
346 899
325 769
92 754
393 930
284 727
161 667
217 885
102 846
809 991
540 803
297 808
517 616
364 443
647 756
164 939
673 899
247 543
453 674
739 885
324 594
10 372
581 623
209 218
293 547
560 993
595 985
560 904
255 787
507 839
164 769
489 572
304 429
213 581
291 819
218 769
214 730
20 939
624 641
444 521
279 806
687 958
594 694
427 627
278 839
226 948
563 929
325 568
738 917
148 679
458 839
212 324
27 421
150 803
552 796
183 494
74 448
279 637
218 636
213 943
15 862
29 929
517 813
397 715
446 687
118 430
483 690
297 814
347 643
279 504
542 956
441 677
258 552
176 796
546 631
405 733
355 691
890 898
472 933
502 637
126 487
147 887
179 795
177 248
581 967
38 378
25 428
678 724
958 985
38 741
560 673
494 732
583 880
132 426
35 502
543 703
405 860
46 188
824 955
637 785
30 364
691 800
62 450
25 417
305 483
381 882
279 438
233 247
62 325
68 847
775 963
38 981
100 501
974 977
418 819
196 486
68 494
74 551
255 432
376 939
40 44
54 492
197 819
860 869
451 845
497 967
249 327
291 306
84 656
226 825
160 888
247 442
124 610
67 485
543 838
112 972
810 839
139 369
346 673
430 997
330 885
582 821
416 477
26 661
243 695
248 364
616 730
102 378
189 279
598 912
18 856
493 672
179 905
481 933
247 517
542 661
557 926
217 523
429 478
34 750
55 486
673 838
230 902
54 424
775 839
452 847
44 932
483 845
106 459
178 263
165 383
479 482
429 560
22 700
691 972
796 925
27 92
847 977
469 959
384 465
34 160
217 305
271 691
67 494
240 849
543 730
536 608
25 378
112 534
89 846
691 833
180 619
390 494
662 663
384 389
169 365
721 764
258 963
861 958
817 860
389 496
374 989
52 653
515 532
42 62
588 888
442 594
458 810
104 916
19 214
289 973
118 427
181 774
47 405
426 536
628 911
52 637
247 479
63 418
463 836
164 860
38 570
62 143
112 960
147 985
707 790
623 986
336 413
157 240
272 715
329 393
93 334
647 846
233 882
265 302
432 951
15 151
46 103
691 884
608 999
435 528
147 806
161 782
297 821
8 405
237 285
60 808
747 888
432 573
637 985
90 538
174 707
663 806
538 839
531 936
824 984
468 730
84 458
859 939
296 689
296 379
55 260
291 912
129 196
782 796
15 365
543 616
8 100
475 861
494 594
214 286
540 829
143 421
104 924
637 995
224 581
817 869
336 557
78 531
260 691
722 825
472 724
174 955
380 656
882 947
281 587
364 459
637 670
451 800
134 946
143 930
38 435
673 882
882 963
80 626
62 754
214 859
133 389
15 359
358 779
555 863
739 917
89 410
355 819
91 540
209 939
345 900
29 691
23 410
637 722
402 635
93 858
279 317
22 104
384 839
69 796
828 915
159 627
258 699
428 531
48 555
204 991
462 824
247 939
377 972
585 917
689 756
812 993
336 854
485 514
132 954
483 905
601 825
594 732
450 792
856 866
66 750
547 560
171 204
201 810
69 963
118 482
816 1000
42 482
856 920
754 930
179 928
257 848
716 789
109 240
381 691
765 781
865 916
325 491
491 904
153 661
167 825
376 904
217 812
165 567
243 431
165 441
641 993
418 586
82 540
721 902
55 637
62 358
638 847
390 523
83 747
686 991
182 540
204 401
109 462
157 563
26 234
271 687
605 910
528 760
522 857
447 888
379 516
372 384
6 275
427 983
27 930
124 130
598 868
231 482
428 715
723 825
366 667
147 232
151 210
588 615
174 826
401 526
877 955
331 905
592 637
475 563
162 970
394 395
27 779
176 341
265 356
374 508
54 548
246 477
397 626
403 567
293 485
243 723
174 483
813 888
262 668
112 527
34 813
455 705
71 961
670 775
455 517
429 447
687 814
691 968
610 752
534 968
279 516
159 181
494 790
109 416
760 978
73 380
159 649
818 881
47 869
477 960
62 567
444 953
429 999
177 979
187 336
89 785
325 393
400 716
29 695
542 560
145 481
23 610
527 958
687 879
173 528
59 860
629 739
249 936
39 738
17 471
517 543
399 599
516 906
60 868
449 661
204 634
238 279
95 721
529 663
511 662
689 968
27 554
199 334
861 985
724 955
329 430
125 243
442 606
297 760
218 652
641 726
882 999
127 691
972 997
254 821
600 703
462 527
183 217
313 466
122 178
148 221
305 824
192 670
302 534
320 345
358 491
373 930
431 755
212 508
286 882
167 960
83 835
722 848
869 907
444 863
477 846
523 724
624 993
591 769
103 218
4 726
17 773
440 955
46 59
367 599
489 643
662 972
673 753
422 434
315 615
542 961
347 942
332 477
188 839
494 560
520 962
35 975
818 849
44 153
286 813
668 863
517 703
358 814
480 884
573 857
38 852
413 926
163 305
600 859
373 779
462 985
608 780
301 624
25 115
196 637
378 769
243 824
824 886
162 846
455 712
861 912
247 534
278 374
477 629
196 631
381 960
418 455
112 167
73 647
102 557
225 484
636 723
239 435
89 502
153 967
106 643
67 547
515 639
255 756
451 934
132 403
658 716
69 715
237 750
8 234
147 274
912 961
248 818
104 534
662 934
144 667
112 187
381 591
234 247
356 968
71 313
168 909
238 452
328 934
245 540
204 853
511 795
26 291
179 623
283 707
89 567
447 999
60 452
565 861
84 288
275 795
16 773
286 600
218 477
365 488
112 687
955 993
353 661
112 328
656 956
368 896
546 915
232 916
115 425
477 986
845 912
197 455
66 813
358 430
52 587
30 923
279 808
438 476
179 587
496 972
203 803
479 517
59 248
720 924
260 722
698 766
176 615
410 520
110 674
413 968
252 254
563 691
279 377
539 906
209 591
237 861
101 185
245 278
497 795
52 785
262 428
147 752
15 687
297 769
800 985
283 639
59 164
253 905
852 981
193 587
117 405
59 839
367 931
649 766
701 881
226 715
83 845
12 979
452 516
112 628
502 620
427 568
234 442
502 865
234 606
151 446
582 917
373 421
419 426
408 582
393 760
373 491
109 984
715 823
552 823
89 637
72 877
183 824
196 722
157 491
218 691
448 562
253 491
588 838
328 336
322 716
589 775
621 818
586 986
421 760
103 209
902 942
402 794
380 592
412 677
248 723
142 516
112 406
486 691
825 860
949 997
724 924
88 323
597 928
151 810
246 800
416 766
100 975
582 932
188 869
69 258
233 947
569 816
297 839
438 734
227 263
197 212
177 455
254 424
637 865
588 936
475 672
37 529
453 471
473 677
48 871
225 482
209 733
547 732
532 756
374 419
356 644
148 331
60 582
68 293
164 218
703 859
177 923
63 123
597 926
586 652
602 731
238 862
800 975
438 662
648 980
405 883
588 882
38 730
119 240
74 380
647 865
289 701
302 898
825 999
46 691
306 442
181 649
488 687
806 821
145 970
462 795
732 812
485 979
112 929
174 790
293 494
604 723
344 384
583 775
100 234
416 821
501 965
115 766
60 906
254 587
592 995
216 330
586 905
52 255
630 808
479 560
886 958
507 691
433 645
361 558
418 628
164 733
719 975
89 192
464 964
585 821
373 538
158 990
418 861
302 378
83 598
812 955
446 754
277 806
794 887
112 546
779 965
390 924
293 313
265 964
153 542
124 147
373 978
850 918
546 828
517 825
51 960
73 977
356 448
34 66
26 912
377 845
76 492
155 704
362 747
305 724
534 794
330 504
769 882
477 581
44 449
450 515
279 451
32 226
317 900
239 893
383 846
177 289
73 592
587 997
234 986
274 796
734 841
62 670
680 929
204 529
252 475
722 972
389 825
521 664
537 561
62 760
82 512
782 948
115 916
720 861
492 574
264 750
421 565
147 839
144 554
306 594
605 933
22 66
163 824
750 835
10 954
583 595
446 779
336 438
345 597
129 503
115 534
375 502
160 703
103 405
773 800
835 980
395 899
563 736
455 869
380 833
750 957
573 919
546 595
658 916
351 406
38 148
27 528
167 637
567 839
880 907
462 819
151 325
144 879
381 825
46 60
336 377
332 858
137 1000
190 716
341 615
388 878
449 912
55 496
89 603
38 289
638 808
279 330
516 917
435 904
263 677
52 865
395 782
626 896
775 859
2 615
155 621
46 1000
112 819
169 998
77 456
398 578
749 846
92 435
432 876
365 875
165 995
193 775
239 615
68 523
483 724
19 430
270 658
340 542
213 866
185 480
365 769
153 247
174 217
63 308
508 606
380 689
318 390
20 860
40 442
527 984
328 854
80 865
461 886
486 972
923 979
164 591
825 1000
442 917
40 661
722 806
357 626
451 496
91 203
248 636
418 968
284 716
275 420
55 845
129 486
214 421
218 749
429 882
234 721
418 695
167 972
711 872
27 568
176 936
817 958
803 846
320 817
661 845
142 583
707 732
560 955
478 963
162 644
143 760
452 906
19 36
188 882
167 595
357 375
218 825
224 343
31 500
215 967
119 416
301 641
615 633
189 638
102 112
174 962
353 536
517 838
247 860
330 798
62 160
488 491
68 962
283 947
845 985
585 738
485 724
189 753
876 983
356 756
235 940
54 262
631 985
701 984
283 532
442 521
355 687
686 934
769 869
59 218
598 845
834 931
698 915
239 287
345 893
167 180
175 624
815 960
821 984
119 958
19 279
794 865
661 868
263 863
136 658
290 924
118 365
546 734
647 798
81 698
136 179
486 631
262 531
29 527
22 402
265 926
324 547
405 624
389 595
264 573
327 617
67 690
147 402
494 962
477 943
271 833
74 719
151 930
628 702
594 661
583 979
94 968
330 865
380 792
451 631
88 199
234 996
2 164
754 879
39 991
92 930
496 845
722 841
345 994
556 821
565 663
62 796
226 817
329 875
124 702
119 985
78 258
155 630
691 886
291 868
144 446
582 863
73 89
687 984
103 733
739 819
22 34
441 792
278 939
790 812
293 523
38 893
819 984
482 825
347 816
165 502
394 494
341 936
849 881
110 849
398 726
179 275
623 928
115 750
234 912
756 846
92 810
302 715
102 689
515 592
445 785
823 955
640 892
536 829
364 367
552 904
181 651
361 538
26 845
217 324
22 52
130 147
44 598
44 324
142 209
204 454
32 955
556 638
542 594
429 588
346 359
310 331
47 769
576 855
22 686
271 766
736 893
92 714
446 632
46 189
97 200
402 953
317 477
485 694
435 754
369 468
396 705
236 718
254 884
214 482
478 825
192 637
325 814
356 970
554 810
296 847
238 821
355 380
81 358
80 839
389 451
29 586
450 567
534 689
552 846
581 803
196 489
133 485
143 955
27 435
265 471
114 427
324 508
691 769
825 869
161 949
515 670
254 850
388 754
359 540
947 995
40 671
427 754
224 290
196 595
46 738
40 270
69 552
68 183
263 413
702 911
283 865
148 928
297 393
361 691
244 481
749 905
289 393
62 330
283 789
358 930
232 402
47 723
586 861
204 722
691 806
552 586
426 596
421 769
217 384
569 917
556 906
186 794
109 824
112 722
367 432
492 548
62 118
204 294
192 432
402 862
122 973
619 912
402 887
373 839
555 702
136 674
165 865
401 464
779 814
76 824
826 959
354 604
846 903
346 424
69 999
55 98
34 104
833 984
561 899
217 617
781 969
522 661
687 839
723 882
552 720
226 823
142 226
803 986
694 707
38 126
160 865
136 453
80 361
232 620
637 806
558 911
183 305
15 421
151 528
224 924
366 788
38 155
478 813
328 985
239 433
62 647
846 904
788 946
447 859
351 587
4 427
401 597
153 214
127 377
243 527
603 610
960 985
502 656
631 806
133 183
382 769
760 779
664 972
548 782
67 520
109 418
46 233
26 578
133 217
679 905
551 722
147 892
377 691
112 637
191 606
578 939
380 819
896 968
247 616
701 973
361 502
109 861
20 882
62 373
263 852
383 450
806 934
176 434
145 472
164 201
475 819
66 534
118 904
765 917
520 702
176 617
212 540
46 248
74 936
160 616
307 545
44 245
68 516
276 842
164 882
38 304
165 180
15 779
340 390
147 631
857 994
636 825
302 968
450 985
477 803
358 554
636 839
795 821
546 806
372 839
170 608
297 516
226 1000
485 594
924 955
975 991
637 756
150 867
291 967
171 384
416 861
380 673
52 947
210 493
26 725
569 927
15 554
255 606
209 825
52 73
192 792
160 766
55 631
588 859
377 595
628 691
563 766
421 512
380 586
336 727
594 993
670 676
165 330
413 862
265 406
616 859
563 985
192 673
634 926
565 745
104 160
67 217
173 393
405 636
313 636
19 99
556 917
390 790
40 573
446 488
330 673
373 435
302 428
133 923
296 452
15 814
195 269
237 540
79 757
188 636
485 962
247 382
294 773
37 286
380 441
722 966
358 687
687 819
143 151
291 910
928 997
587 928
160 353
225 1000
192 346
427 528
258 431
592 756
331 861
400 764
514 602
109 355
151 687
253 663
320 995
328 637
68 738
75 904
691 817
435 760
355 833
483 594
133 993
112 455
147 960
42 887
405 947
393 839
195 837
293 483
355 628
389 438
632 769
521 653
383 515
407 939
662 722
749 943
209 248
542 989
127 129
540 652
20 839
554 779
589 853
142 434
193 670
236 699
115 212
187 806
291 455
543 882
336 451
313 992
235 946
553 637
782 877
174 520
48 688
224 318
66 232
527 586
54 256
421 904
92 632
55 595
452 738
172 179
132 372
117 147
22 766
531 699
16 148
292 875
90 147
552 877
687 930
122 450
378 471
582 664
100 779
283 756
916 931
315 576
202 362
320 841
77 701
59 939
262 437
483 694
97 336
866 942
3 997
560 790
582 836
975 985
104 205
430 905
324 993
546 637
15 192
385 976
459 489
100 771
254 739
226 925
142 268
150 234
94 726
389 691
117 133
103 947
163 732
352 857
238 582
739 821
204 409
254 561
176 239
62 89
29 886
454 923
356 820
147 368
390 582
62 192
80 115
104 678
493 664
825 939
869 963
271 984
648 864
374 845
73 639
243 932
600 730
695 861
882 939
719 985
296 726
330 591
52 592
841 960
485 993
591 860
79 455
369 730
197 317
244 624
80 534
133 694
201 777
353 974
240 958
213 617
597 634
617 776
117 493
451 477
289 395
109 431
286 517
109 846
386 476
555 628
479 600
212 808
201 277
476 902
181 436
552 943
389 546
884 946
755 894
234 661
485 812
441 756
509 856
694 845
457 591
112 766
488 779
839 978
209 381
321 924
13 183
615 778
560 594
946 981
112 886
245 912
167 546
397 867
46 297
89 647
375 626
132 567
677 798
165 846
703 882
726 993
25 534
74 428
104 724
565 853
38 952
482 673
336 960
160 402
28 225
160 887
610 702
529 773
329 446
54 494
100 325
62 417
455 544
200 727
819 833
442 880
232 534
510 773
908 982
455 462
503 857
525 766
38 179
480 691
656 792
112 854
554 932
243 766
373 814
40 967
219 255
279 534
701 885
427 930
485 585
766 958
264 730
76 394
443 923
258 420
173 810
691 722
455 984
43 486
586 929
353 464
523 962
748 927
129 187
245 979
448 719
174 183
30 381
360 370
52 165
939 947
36 558
464 534
661 989
118 797
356 890
520 707
426 741
247 478
636 947
383 637
159 704
824 958
586 617
74 302
221 323
847 974
689 954
214 825
28 1000
739 910
98 904
389 854
255 637
22 813
118 435
608 990
226 691
226 955
240 833
102 968
581 638
766 984
189 808
847 906
243 416
484 872
661 994
764 942
145 186
170 599
636 969
160 859
373 568
278 859
147 534
160 560
129 465
766 865
112 196
147 520
136 795
694 905
525 537
2 428
62 769
84 383
115 402
865 947
82 278
150 806
20 963
494 856
93 332
102 413
169 178
280 823
192 995
356 413
491 493
477 929
623 803
247 588
68 560
416 475
981 993
497 560
174 812
582 853
318 867
47 218
576 629
15 27
153 429
165 656
15 754
233 405
619 945
361 626
477 623
55 438
62 297
330 694
396 842
374 594
5 501
29 109
438 486
238 806
293 694
129 691
766 861
283 383
142 723
274 737
785 995
701 809
464 994
532 677
336 471
704 821
663 841
39 43
888 943
209 405
691 845
296 627
638 932
60 585
350 677
39 915
385 489
143 491
297 906
542 904
155 968
232 887
483 707
502 647
560 882
586 886
662 985
278 829
419 888
37 853
482 813
750 916
955 962
196 972
215 275
69 936
85 162
554 568
46 939
144 365
217 520
270 427
165 167
336 663
334 983
694 951
104 402
22 80
127 477
284 947
23 147
331 587
663 934
142 805
409 638
375 968
217 790
380 795
234 384
247 283
694 726
290 340
715 948
302 413
31 544
100 800
60 806
119 418
112 663
620 970
430 633
447 882
441 785
735 919
125 627
164 981
739 784
185 678
305 993
196 662
483 504
756 785
449 594
769 814
89 520
109 819
816 821
119 586
254 605
329 879
142 381
378 422
733 882
68 812
477 687
255 647
553 785
453 959
478 882
196 806
720 837
201 589
16 291
482 543
738 808
167 477
479 616
563 819
305 485
83 153
119 833
191 397
393 632
294 975
47 247
22 674
165 255
119 628
221 997
552 782
402 977
187 260
777 966
217 732
102 964
754 779
50 954
40 508
100 514
494 547
517 624
638 821
110 534
389 985
591 691
453 703
36 72
359 552
265 689
27 143
15 144
69 823
494 523
163 520
637 738
501 514
779 835
80 813
358 698
806 972
218 733
565 966
458 491
947 1000
606 661
279 662
733 963
532 567
26 306
262 936
359 586
769 939
313 787
291 739
430 814
328 960
174 485
817 947
296 585
192 798
398 682
25 300
637 798
819 886
94 694
112 631
775 939
14 164
722 960
923 956
20 591
567 792
417 887
336 464
360 834
847 917
586 893
418 704
165 456
34 417
373 446
224 955
418 563
222 412
127 279
134 796
370 922
594 778
794 916
285 957
48 197
226 381
478 616
358 568
254 351
271 563
171 253
430 904
279 283
378 623
144 769
882 888
531 758
279 789
418 527
8 175
80 160
534 707
240 527
279 739
540 623
383 785
462 695
701 775
715 877
54 726
502 592
278 869
477 631
38 849
503 661
560 732
558 967
15 424
163 217
62 165
500 822
538 558
34 658
329 553
230 721
12 485
25 34
52 674
133 204
515 656
163 560
723 860
427 632
252 918
119 355
868 912
275 497
589 777
501 779
741 816
25 402
795 985
224 558
393 769
732 955
389 631
46 608
336 734
486 686
160 479
304 849
46 947
501 672
431 551
375 538
656 756
42 222
55 800
214 429
839 896
283 647
540 797
219 353
420 699
464 599
123 245
695 821
25 232
112 689
527 766
79 712
181 766
278 963
527 695
243 398
218 623
37 454
542 967
406 534
248 849
310 737
55 377
55 960
297 466
754 878
234 514
427 704
926 939
18 395
554 930
327 341
103 903
413 442
179 215
775 809
151 458
172 215
143 779
153 825
516 755
62 810
502 885
103 723
551 587
534 955
180 247
139 891
201 503
20 247
540 581
213 489
900 991
246 429
576 867
572 976
103 233
246 956
217 560
357 896
115 932
922 931
62 63
153 449
497 786
189 806
153 606
734 972
516 582
132 741
489 726
25 887
509 806
390 812
574 920
66 104
104 115
83 542
27 488
217 594
485 790
621 672
355 861
214 478
374 661
305 732
173 904
677 846
103 226
144 904
174 694
845 934
68 824
461 757
40 598
824 861
188 775
55 503
247 888
16 396
502 839
455 583
26 60
690 694
178 450
637 929
118 760
586 628
155 701
92 427
661 866
854 972
30 931
171 634
429 543
330 592
239 936
669 997
183 485
393 779
35 325
754 842
66 160
560 825
209 869
557 968
393 449
82 227
299 629
406 623
430 978
523 690
800 825
10 99
368 558
375 810
620 766
3 291
16 179
209 636
270 573
84 726
358 393
551 577
264 468
817 859
204 389
592 840
102 903
325 978
52 441
565 777
724 993
260 496
297 556
377 486
283 330
663 985
347 605
62 592
548 856
262 942
62 446
173 978
942 983
158 329
497 805
204 773
62 785
567 785
560 813
177 705
133 401
406 968
19 317
383 567
109 932
464 557
183 547
330 647
904 956
459 709
170 344
89 911
60 542
133 210
380 455
853 940
103 247
214 543
517 993
365 779
104 766
80 766
963 1000
69 548
615 970
418 473
451 546
477 662
492 920
264 496
872 884
243 462
355 929
750 813
248 947
502 701
68 305
734 934
247 961
68 390
381 947
595 825
279 332
32 796
243 861
418 824
100 883
477 586
168 341
584 923
845 854
291 605
928 931
151 695
279 496
756 964
320 548
862 953
85 286
529 722
477 628
217 694
458 568
20 59
358 904
226 723
627 704
188 769
127 972
256 496
177 485
135 149
60 508
592 656
442 845
284 658
393 396
516 587
231 573
591 869
15 673
80 916
270 983
464 522
187 691
534 865
496 934
373 601
147 196
325 365
112 471
336 637
164 278
205 678
143 325
89 450
46 226
481 835
430 879
142 178
723 963
817 839
327 936
145 933
486 960
278 508
248 621
365 427
15 373
452 806
750 794
429 813
247 723
726 794
44 989
766 833
542 670
368 538
44 578
66 766
754 978
119 687
502 896
132 630
110 969
147 434
10 385
180 945
429 479
177 881
425 813
15 632
568 754
879 930
581 911
383 560
383 402
481 851
679 997
25 80
246 340
568 779
644 970
351 398
245 508
143 528
381 859
405 769
155 304
102 926
430 568
147 422
365 760
196 385
129 451
109 243
578 726
252 850
324 962
243 563
250 402
286 447
437 936
23 89
475 695
479 838
15 491
19 997
429 838
300 579
390 718
360 922
196 841
144 559
730 893
615 936
394 432
701 795
129 328
384 567
16 587
496 691
188 247
208 805
127 960
360 477
434 551
244 726
8 429
330 441
448 709
84 256
218 943
749 803
240 462
187 734
631 845
453 826
254 256
60 516
55 279
508 542
77 775
808 847
243 437
68 520
22 192
374 542
92 718
430 587
382 723
18 824
91 245
446 814
153 673
163 962
286 616
196 213
296 808
764 902
44 442
151 296
556 738
893 994
67 962
74 991
297 488
253 493
364 561
710 886
296 906
27 491
488 879
435 586
726 939
360 700
626 839
191 481
129 389
477 984
173 488
740 822
304 973
60 739
523 732
358 435
687 904
142 869
173 365
616 703
92 325
187 841
701 818
701 707
112 129
112 496
405 839
46 821
16 905
569 604
152 573
766 795
290 718
502 538
447 825
434 796
700 834
169 185
247 578
127 722
458 726
292 722
283 656
365 393
637 977
355 984
479 543
393 477
38 701
881 973
143 924
178 952
448 464
157 253
650 816
586 821
754 904
455 605
304 476
594 707
233 278
394 856
240 477
167 664
19 623
475 886
147 620
775 825
332 504
92 297
153 508
330 756
479 588
479 859
428 936
25 62
329 810
248 839
234 803
389 845
617 684
879 978
30 584
397 425
701 764
234 291
272 302
181 671
356 689
449 961
112 377
380 821
62 658
626 787
619 923
475 628
255 876
38 679
687 769
859 869
558 997
478 517
305 694
416 586
376 859
62 80
699 771
119 527
182 979
317 892
552 871
429 888
961 967
750 932
377 663
227 561
397 872
240 416
174 305
478 703
534 557
562 599
476 904
624 859
240 246
546 691
638 917
442 912
255 330
15 92
213 749
134 981
722 800
179 967
555 871
427 978
188 733
192 756
216 481
560 694
124 861
173 930
44 967
585 906
482 588
114 704
252 505
100 773
443 815
684 885
75 178
230 700
687 810
125 398
373 458
71 534
351 404
428 991
548 552
432 694
236 625
664 863
325 488
46 638
32 963
331 928
534 964
165 192
382 478
142 247
191 255
540 749
845 972
48 720
174 293
20 218
44 961
453 518
44 845
304 531
396 449
544 712
103 278
534 748
48 212
602 684
929 985
911 997
255 656
586 819
486 800
381 815
82 263
74 397
165 515
384 420
796 887
501 835
516 551
153 600
142 218
707 962
92 554
365 990
334 778
196 451
59 723
142 882
31 822
421 554
114 159
35 795
62 435
623 904
92 568
182 583
475 505
394 694
860 882
738 816
733 769
739 906
214 447
177 886
92 365
491 810
632 760
558 796
225 741
532 798
389 663
19 179
809 900
814 839
55 722
556 806
416 418
5 923
42 277
83 177
604 668
447 543
912 945
426 829
99 491
542 578
67 373
83 784
210 364
55 127
103 381
42 796
38 630
324 732
15 930
112 623
302 544
430 491
86 186
457 581
324 812
687 779
110 281
278 845
442 508
813 838
317 688
42 722
240 984
100 294
29 418
55 546
462 687
270 735
256 656
147 813
71 986
3 16
188 691
320 926
39 486
92 978
31 886
25 464
150 514
792 947
546 800
286 888
450 647
677 796
47 733
794 939
142 164
960 972
886 929
795 824
560 838
395 492
421 930
449 754
795 994
520 824
183 707
617 885
302 471
190 727
400 747
398 723
25 916
255 283
329 754
159 296
74 272
520 790
83 310
26 83
171 463
106 489
435 769
452 585
389 454
548 955
382 691
629 907
276 754
653 787
62 554
738 806
606 868
129 484
819 929
62 779
687 861
796 955
542 598
563 628
177 400
54 254
286 859
446 810
322 332
198 282
10 50
217 293
869 947
667 877
563 695
477 563
782 949
904 978
59 233
36 362
400 888
868 903
490 592
233 839
390 463
217 485
459 695
153 291
247 730
401 662
389 960
68 585
44 247
196 976
438 806
398 404
47 825
217 707
653 826
218 905
52 89
515 677
19 223
620 887
74 587
438 451
394 573
192 677
92 699
42 281
95 217
393 427
548 948
358 879
491 930
483 726
50 839
212 237
591 939
289 477
540 595
916 997
243 418
463 582
224 245
673 730
147 486
297 779
80 402
240 824
153 478
486 900
691 695
523 707
331 784
187 825
390 824
542 775
471 745
903 950
69 72
233 825
446 839
25 112
720 835
286 479
245 291
607 946
247 600
188 723
386 849
147 794
119 462
258 715
165 208
118 554
181 737
769 930
517 888
441 592
355 695
47 233
25 413
178 852
562 848
34 404
502 507
153 882
127 934
823 948
52 281
305 962
344 608
521 787
278 691
817 939
344 999
321 810
410 894
173 458
380 929
325 458
394 548
325 554
567 947
245 247
178 438
426 766
100 510
192 532
46 238
341 588
512 797
667 788
291 888
839 860
617 936
255 865
595 972
471 667
248 304
255 715
44 606
904 923
628 881
11 826
718 720
118 446
25 302
503 522
707 984
67 305
741 981
748 821
430 679
46 969
73 968
167 377
55 187
231 275
192 876
291 606
226 869
165 785
674 826
658 813
449 878
90 619
745 861
482 730
475 984
71 247
104 147
517 882
38 928
142 939
430 970
825 888
741 894
47 382
93 523
355 527
346 461
440 877
595 663
44 234
912 967
306 449
447 616
62 329
292 848
27 904
199 778
325 991
89 330
382 882
196 477
841 995
289 952
92 839
22 983
170 399
245 405
968 974
599 608
723 817
639 792
733 825
286 356
494 812
52 563
37 450
486 934
230 360
177 818
118 143
739 808
297 638
80 750
197 739
112 934
477 695
69 942
52 121
96 131
52 515
62 995
637 663
621 701
662 800
127 631
153 160
838 999
374 598
769 825
398 561
329 632
734 825
86 419
426 944
130 702
197 291
346 923
835 965
187 196
42 164
427 458
213 904
22 255
677 865
226 839
330 477
620 885
112 734
380 824
458 769
528 839
476 973
594 961
151 240
47 691
136 959
628 985
189 516
196 934
455 880
631 934
664 672
546 841
561 726
165 809
226 860
475 527
297 358
438 845
19 385
594 598
83 400
243 984
324 690
358 766
20 381
926 964
532 637
71 279
512 748
892 900
594 824
60 291
803 904
112 119
821 833
92 236
247 817
605 816
854 984
10 839
143 393
62 147
540 986
598 606
620 701
247 868
476 621
155 849
218 591
401 795
291 559
353 426
72 478
112 557
234 842
621 930
40 542
35 620
15 461
143 427
289 630
440 963
34 115
255 639
167 263
147 845
195 644
19 210
455 795
567 995
413 677
27 393
395 970
286 825
185 476
186 726
163 594
315 430
287 433
877 948
20 825
442 598
551 583
183 307
586 958
85 970
313 986
859 888
227 880
800 806
164 810
824 993
89 947
383 635
247 825
246 904
174 690
260 637
615 776
733 775
34 887
632 978
673 929
5 591
167 722
652 904
514 858
196 546
268 450
372 954
538 677
483 790
252 672
147 934
101 104
736 994
677 756
353 526
691 946
450 502
297 554
477 637
283 637
329 769
27 810
81 766
821 958
55 277
395 910
603 911
153 447
189 556
446 458
588 703
435 814
112 800
92 144
15 760
217 715
147 167
361 839
85 644
630 701
121 843
160 482
43 900
229 481
722 853
806 825
39 900
340 955
60 638
380 984
552 555
153 374
109 695
406 926
324 957
226 591
305 324
187 328
249 617
15 568
670 792
258 758
569 599
30 367
133 732
115 957
201 853
44 912
243 821
428 437
483 494
103 859
389 599
825 838
777 882
413 473
450 947
87 903
615 903
594 812
15 173
93 716
868 989
144 839
606 912
136 919
396 878
443 624
421 446
488 904
37 193
432 689
598 967
427 814
297 687
75 476
600 616
631 825
384 599
255 502
553 977
670 947
557 964
421 879
702 752
502 947
68 483
3 545
617 730
66 867
494 554
508 989
691 821
290 569
119 819
127 147
341 617
196 866
691 861
68 690
747 763
12 619
109 628
368 839
144 435
109 903
162 395
534 756
68 238
401 894
234 684
260 662
22 160
662 841
484 914
188 289
84 424
741 852
552 925
260 279
119 821
297 452
103 636
632 687
151 978
26 706
556 582
61 638
5 177
306 542
188 591
421 927
643 816
560 589
440 948
55 147
178 894
441 947
483 560
183 359
455 833
245 989
441 637
280 796
183 545
628 896
511 755
29 477
377 825
612 924
449 845
766 929
389 934
459 602
80 368
478 588
475 833
214 563
160 813
221 430
278 961
218 904
324 790
779 930
545 916
223 900
186 227
279 825
291 773
247 429
475 824
179 497
322 430
432 810
263 894
22 682
185 924
60 374
358 978
164 993
639 865
373 760
129 854
771 774
216 753
293 724
371 745
948 963
171 217
212 688
390 520
188 860
92 814
281 412
187 663
275 465
195 820
94 244
819 824
325 430
514 867
740 949
691 882
491 632
278 449
887 895
112 240
726 981
147 796
68 917
10 539
846 943
52 110
82 596
374 406
359 803
102 756
82 797
203 514
293 955
560 857
478 888
328 477
183 942
324 932
904 905
142 691
297 491
486 991
59 381
939 1000
25 929
393 568
240 653
724 933
440 715
248 381
230 931
144 476
179 221
370 700
27 365
256 601
239 327
429 600
357 502
929 984
302 446
37 401
89 792
271 985
591 775
356 406
658 947
129 275
578 606
55 841
151 435
178 410
158 780
367 654
619 979
240 736
805 952
378 434
60 912
402 620
112 418
795 967
32 649
378 617
561 630
451 848
529 628
405 775
133 523
265 413
806 841
147 769
183 986
476 667
304 386
396 997
477 904
523 594
763 935
277 503
290 582
163 389
436 944
22 219
238 917
367 561
216 380
720 871
42 321
183 790
129 260
325 529
336 356
129 546
101 678
59 691
59 817
164 817
782 898
265 557
436 651
151 430
552 715
279 629
690 707
151 421
628 687
390 955
632 930
187 631
183 905
653 907
647 670
377 734
60 683
406 587
214 882
373 904
720 737
471 629
737 784
95 617
410 555
359 477
329 687
160 429
732 863
673 813
583 907
383 677
179 432
144 773
861 929
167 438
405 997
455 757
276 878
517 600
800 972
46 142
94 489
86 853
18 548
502 529
62 656
100 529
384 399
775 882
90 626
336 841
46 452
686 856
691 939
279 486
328 662
329 358
244 904
359 986
854 960
517 726
151 488
167 521
62 173
69 668
846 974
226 280
218 803
561 939
754 839
133 971
227 726
244 859
730 891
405 825
181 944
22 232
563 586
144 810
218 1000
381 923
400 707
756 798
178 904
179 997
781 917
89 283
587 720
253 858
586 824
662 734
296 806
46 278
459 731
845 961
329 904
297 806
243 371
483 489
151 291
234 571
330 785
365 438
258 823
188 854
172 497
217 955
438 934
563 653
218 405
384 999
283 441
68 547
329 373
248 591
35 204
637 825
44 542
527 628
795 886
160 794
471 480
103 188
218 939
567 954
360 885
44 291
102 534
213 986
715 796
494 707
92 904
142 825
173 521
336 983
247 703
218 860
302 356
296 738
76 856
25 425
130 520
19 221
25 471
631 663
455 910
163 672
325 435
203 595
176 378
361 375
37 560
939 963
540 932
749 986
561 794
861 945
599 810
703 747
291 598
112 127
4 114
272 446
73 846
83 989
69 440
365 568
520 560
817 963
476 701
556 808
277 686
91 182
769 904
515 798
38 586
280 548
568 760
721 983
594 845
813 999
775 817
389 806
494 993
230 942
322 970
32 782
421 435
209 860
534 620
932 957
782 963
142 1000
853 923
715 925
401 755
405 817
173 430
164 246
567 647
255 626
247 999
67 790
147 734
455 766
124 911
384 954
823 925
204 923
283 792
777 853
240 819
478 925
47 859
595 845
112 486
395 686
357 691
528 904
696 960
147 603
568 810
529 560
218 382
18 54
148 308
234 878
402 417
42 503
40 594
143 318
471 877
456 775
760 810
201 321
164 641
730 813
38 818
127 854
271 929
248 511
393 554
321 448
380 515
564 990
478 535
775 860
191 673
434 775
382 733
189 582
479 825
264 369
234 967
455 687
517 673
452 808
67 724
450 865
329 568
496 662
325 975
496 841
455 861
42 810
382 825
239 776
15 329
632 779
638 739
129 595
3 928
248 476
34 62
247 839
147 766
297 446
196 438
720 784
785 798
340 560
51 364
589 809
516 638
85 356
382 939
103 882
15 446
595 806
724 732
274 755
486 845
32 774
394 920
459 585
144 754
777 806
577 840
37 110
401 634
632 810
185 724
593 931
183 652
174 324
353 846
167 196
304 701
