209
178 203 73
81 40 64
116 107 13
132 10 14
196 19 8
88 166 35
17 92 6
169 30 74
88 181 2
145 9 14
190 187 48
28 189 49
31 18 55
27 71 103
191 189 41
161 68 69
19 6 89
201 175 9
144 55 39
206 121 5
109 24 77
6 182 78
73 5 20
118 162 12
14 144 51
9 96 97
91 115 8
186 29 0
102 94 23
200 92 59
18 201 0
24 128 79
141 201 49
66 31 27
63 46 4
170 185 67
136 197 45
29 174 23
98 197 75
142 109 52
99 128 72
1 152 79
165 84 99
175 72 58
9 135 37
117 18 101
33 154 87
65 184 60
177 203 30
45 136 91
55 27 90
58 28 56
109 114 90
153 81 38
20 11 64
141 49 90
160 82 85
36 69 82
138 37 9
19 3 42
9 189 7
128 38 64
111 68 6
99 13 41
160 33 93
68 95 62
124 46 71
125 4 62
23 142 58
123 161 5
151 170 61
127 10 66
132 121 100
172 142 5
84 93 72
137 82 58
160 206 10
56 122 70
152 145 91
206 60 55
105 132 77
64 51 41
190 183 81
97 146 81
17 151 55
179 79 91
70 30 23
86 7 89
27 80 90
110 207 61
145 104 44
192 168 21
120 149 33
91 38 6
203 55 37
42 156 11
41 147 94
168 24 45
129 181 8
156 82 39
35 148 41
176 131 75
29 43 80
195 55 51
10 179 97
185 12 59
21 184 99
17 64 19
150 193 25
25 61 48
29 96 95
6 63 12
73 13 95
1 129 42
176 139 86
118 36 28
59 187 86
16 125 52
128 67 95
2 13 97
168 42 97
193 179 33
141 173 32
53 174 77
20 62 96
88 101 100
168 160 78
144 177 18
54 96 71
208 19 93
84 187 42
108 93 65
196 25 85
9 0 54
160 20 47
163 29 34
203 118 73
142 53 33
76 28 61
208 157 31
144 163 94
43 62 35
43 49 50
6 188 25
144 140 82
134 15 101
147 139 60
191 72 71
123 70 80
73 69 32
42 134 103
198 98 22
160 62 88
147 69 19
55 134 78
113 59 49
71 207 55
199 110 24
171 154 101
92 18 102
171 60 16
204 180 93
91 52 88
157 199 37
123 175 19
151 79 57
194 72 82
88 62 63
55 154 10
13 37 63
40 130 47
43 125 55
145 137 75
21 6 53
175 130 94
175 202 96
25 187 89
4 66 53
13 43 59
177 56 36
72 18 15
27 61 99
83 206 80
191 148 44
80 114 92
195 1 94
180 157 75
29 82 91
69 95 61
55 194 38
129 57 45
203 5 50
193 88 65
33 70 52
89 71 22
65 187 100
165 158 6
33 187 31
98 48 6
127 24 22
4 153 62
28 68 101
114 52 34
40 7 72
193 96 60
172 161 92
74 38 33
133 72 51
65 91 41
93 10 94
26 144 62
147 172 64
63 208 72
198 39 61
114 153 52
102 37 9
197 33 28
112 166 55
136 23 101
128 37 76
66 193 42
156 131 101
27 116 94
159 26 87
10 140 28
166 33 19
195 152 33
133 55 52
194 112 2
138 162 98
91 149 26
110 17 34
92 44 14
124 124 1
195 134 43
131 91 74
104 78 81
111 132 73
75 118 103
192 177 83
58 59 4
196 169 8
99 182 57
118 97 69
163 4 51
61 135 85
201 31 102
205 142 58
185 138 31
69 121 99
36 179 26
73 87 16
207 187 64
97 17 58
111 102 83
181 163 17
134 76 6
85 202 12
169 178 7
83 39 73
174 205 100
37 70 90
199 198 78
125 7 78
70 39 42
150 12 62
156 67 36
114 152 69
135 113 2
85 196 19
77 83 99
39 41 61
139 31 50
9 77 43
26 69 85
145 140 20
139 87 13
0 122 63
193 48 99
146 133 72
139 131 82
49 170 83
159 100 11
49 30 35
76 56 60
12 122 90
91 52 14
27 182 46
116 166 46
109 25 21
11 85 20
125 134 15
202 5 16
100 184 31
206 51 80
172 193 55
69 75 96
183 103 57
131 10 61
127 41 88
98 182 77
70 19 103
133 12 19
9 113 35
124 31 34
7 204 54
13 64 90
72 169 77
25 12 6
65 140 103
131 29 81
72 21 46
69 154 35
200 163 82
98 208 94
46 7 28
109 20 54
39 13 81
201 38 51
165 104 91
91 156 38
199 19 47
39 9 101
100 1 42
195 20 27
112 196 90
155 97 78
53 57 86
171 49 45
171 136 71
24 148 45
36 60 68
69 99 37
177 120 26
31 106 95
15 139 46
5 6 14
67 189 9
13 151 61
127 114 95
57 138 38
143 95 20
169 164 39
205 132 50
84 85 7
62 100 29
158 26 71
141 94 29
103 28 62
114 155 15
182 3 59
189 67 24
178 27 37
56 154 16
55 29 34
80 13 39
166 92 97
50 24 79
123 127 71
59 162 94
189 135 67
89 37 59
85 6 11
35 62 63
39 117 33
128 119 17
29 76 13
8 47 36
80 91 94
181 151 42
148 52 53
40 62 39
207 147 20
193 183 12
45 13 8
57 142 49
2 92 4
40 100 79
102 102 17
3 74 7
67 143 97
188 183 58
136 182 100
170 87 27
187 133 87
33 111 59
208 113 86
171 153 56
102 176 50
125 101 35
11 168 58
158 68 57
80 205 13
149 87 97
192 195 59
39 19 61
80 148 72
4 31 3
158 134 96
206 50 87
39 192 90
16 62 85
177 142 89
22 82 42
34 195 36
21 26 80
198 27 70
122 31 36
199 189 8
164 107 51
22 147 77
178 163 23
193 52 26
205 75 36
94 30 102
179 52 81
204 171 32
89 84 17
85 204 13
136 160 69
159 103 70
164 202 74
23 186 33
155 103 18
160 119 46
72 10 47
141 5 58
27 15 49
75 22 101
103 158 80
159 29 73
75 115 66
154 138 17
206 5 70
125 86 5
74 159 42
205 12 29
168 39 37
137 114 77
181 138 53
17 10 18
166 85 24
98 30 94
138 157 48
73 73 0
47 68 30
111 64 91
100 154 8
26 82 85
183 184 25
81 202 56
138 80 41
101 178 30
123 29 32
21 102 91
136 149 43
121 181 97
119 203 22
77 20 27
70 204 31
123 206 65
56 56 19
204 157 63
94 71 39
142 14 89
184 71 43
6 192 46
102 23 49
64 21 41
30 92 98
50 6 42
193 193 99
207 109 61
111 204 78
45 137 15
1 33 8
28 39 8
28 63 1
151 48 77
86 78 8
67 49 27
45 33 87
79 161 77
61 64 2
166 30 23
75 31 23
56 190 101
150 9 43
188 81 79
39 168 83
191 26 8
62 202 21
46 72 95
140 55 28
20 12 100
167 87 32
59 143 84
200 5 62
115 194 24
0 24 82
173 137 54
107 120 7
74 166 16
203 19 61
108 39 93
43 128 103
140 108 77
8 99 21
16 136 66
105 57 9
74 151 89
69 49 78
188 124 7
170 39 90
128 148 17
177 112 18
25 43 12
147 52 78
66 198 50
178 94 7
157 168 10
64 158 41
91 58 19
76 149 39
0 68 0
94 36 58
107 192 87
150 130 18
83 196 18
73 87 7
120 35 19
31 100 28
122 112 75
127 109 14
172 110 92
77 125 64
95 24 35
77 174 58
111 178 25
55 42 28
93 83 28
90 36 33
166 158 49
92 76 29
168 170 14
103 38 21
125 133 45
1 131 18
7 33 50
51 88 31
53 181 73
11 192 9
199 150 33
81 163 12
73 43 10
96 67 3
166 193 24
50 194 58
109 122 97
187 173 57
99 17 47
15 158 16
176 148 15
207 151 15
105 145 88
174 33 60
202 199 77
75 170 70
80 200 49
40 179 88
88 69 62
29 84 1
163 51 64
159 49 46
31 75 80
155 170 75
58 84 53
25 160 59
106 161 89
101 201 64
190 80 64
8 110 10
194 194 95
32 66 40
20 97 65
154 173 30
112 22 64
111 177 65
72 75 19
24 97 70
155 78 45
67 7 46
63 202 9
110 25 30
48 45 100
61 200 99
36 24 88
96 57 39
27 129 80
120 74 76
206 150 67
84 8 12
72 71 15
175 102 93
136 150 84
114 2 69
187 39 51
73 56 2
136 83 38
117 204 16
64 122 24
11 206 102
174 199 28
42 86 81
144 13 69
3 49 81
193 27 100
198 100 86
181 157 25
5 65 15
112 51 103
160 62 102
7 157 82
134 199 4
75 55 84
166 188 5
180 172 51
155 82 78
185 184 21
90 189 66
120 92 80
63 43 27
3 50 103
63 105 91
80 180 4
161 58 86
161 30 16
109 106 51
78 82 43
204 94 28
29 135 0
193 199 29
1 202 91
96 57 60
102 58 67
33 10 3
204 92 79
129 122 59
136 121 6
40 37 48
134 67 96
111 51 22
131 183 8
123 70 31
12 173 96
2 127 31
50 122 49
50 42 73
76 100 77
185 61 58
100 116 83
72 18 24
112 71 91
197 115 51
130 48 100
42 50 10
94 22 98
159 72 22
137 69 40
27 46 67
164 67 29
79 139 28
125 173 47
66 161 97
208 4 5
25 176 24
179 62 76
168 142 9
120 71 90
172 98 94
206 183 93
148 54 30
30 100 57
112 88 30
180 87 3
9 112 0
18 4 77
49 172 51
152 83 98
36 176 63
176 173 30
174 34 33
153 194 16
176 97 23
202 199 81
102 129 83
20 68 38
1 117 101
45 190 6
30 17 57
34 193 9
143 79 100
97 24 46
73 121 55
136 114 39
78 137 36
183 157 94
162 79 57
25 124 14
101 75 55
144 110 44
151 174 96
114 193 91
191 57 6
157 193 31
34 192 89
40 166 29
114 40 55
17 195 68
189 87 84
91 22 40
186 95 70
72 130 54
113 112 57
65 191 30
132 146 56
47 187 32
120 13 30
194 161 93
183 141 77
38 153 37
55 51 88
116 124 74
82 158 66
26 14 94
84 146 93
126 115 76
47 26 33
8 141 20
85 36 27
171 205 7
71 51 58
195 88 94
32 91 78
32 38 97
14 122 53
142 40 37
170 8 54
132 146 54
176 22 59
152 194 96
203 186 54
97 93 27
35 46 45
132 78 37
164 92 33
133 26 66
9 117 40
171 170 9
56 137 19
187 80 66
105 205 12
204 93 73
103 128 93
172 181 8
200 136 66
142 61 103
44 200 12
164 162 10
11 9 93
11 118 0
126 144 27
139 61 24
37 164 62
190 49 34
3 40 15
118 182 33
180 18 22
150 103 60
2 35 25
200 177 1
191 15 60
177 155 47
178 192 69
98 94 92
120 97 25
149 7 60
81 108 57
4 180 32
10 182 19
26 95 12
80 207 53
70 96 27
121 65 7
128 84 62
183 205 97
200 66 49
112 69 45
171 73 74
125 84 18
114 31 73
201 111 56
94 182 50
64 15 25
16 143 73
193 39 70
49 160 63
121 63 4
13 156 19
86 72 17
132 107 23
115 99 63
175 114 20
173 178 45
107 116 81
177 100 11
33 149 68
165 191 58
157 204 37
144 2 14
135 134 32
158 170 55
4 57 32
32 22 48
205 50 29
25 18 94
93 52 28
113 8 88
38 87 63
198 152 29
142 78 82
114 27 89
185 31 80
82 193 3
79 111 67
192 136 8
196 151 26
191 185 32
38 14 53
141 133 37
116 196 49
67 101 66
59 207 45
30 80 88
22 81 31
65 64 11
127 182 40
31 164 2
204 124 35
46 186 48
40 93 55
113 81 64
55 62 50
28 92 102
37 114 59
157 101 6
205 19 38
36 180 103
132 176 8
162 13 49
196 184 23
137 88 12
180 64 82
141 13 81
104 51 13
148 208 24
48 125 19
50 162 0
138 85 80
141 38 0
42 155 4
36 5 14
33 106 96
170 38 39
33 143 84
10 82 6
88 51 103
106 23 1
174 161 94
52 15 26
73 57 84
148 15 37
153 48 29
13 139 87
95 172 0
20 182 11
153 191 24
202 88 52
126 184 70
134 27 7
102 21 96
17 169 103
145 34 89
92 47 64
77 142 55
126 83 25
178 27 24
203 151 21
121 68 42
122 123 15
58 17 44
52 34 5
61 100 16
39 192 21
157 60 4
29 107 0
134 207 17
13 201 53
190 35 6
132 78 74
153 136 28
64 189 0
196 171 60
22 2 76
26 159 89
93 109 97
34 34 33
3 48 1
174 159 4
204 82 57
70 26 15
161 12 103
208 208 40
146 151 66
67 177 94
100 191 99
32 17 58
91 150 100
143 116 38
21 32 99
186 102 89
200 55 54
114 54 55
200 121 29
0 188 76
89 1 98
78 163 70
102 45 89
15 189 81
167 1 76
113 109 19
136 100 20
42 135 79
206 48 48
183 48 84
180 59 67
29 137 71
104 30 1
41 46 91
95 134 9
102 168 99
2 95 65
167 58 10
97 56 55
70 160 34
22 131 16
105 81 20
142 185 82
15 148 45
78 164 76
63 57 18
157 59 8
142 147 54
183 36 82
64 27 17
123 49 65
32 75 66
78 8 92
76 23 103
41 22 101
140 85 10
198 33 81
143 96 80
67 201 85
177 56 41
29 100 8
143 132 53
0 131 15
93 208 79
125 40 50
33 181 95
207 170 3
152 25 45
36 13 57
165 190 38
33 11 30
80 154 17
202 75 76
202 89 56
68 135 2
35 168 95
138 87 97
66 31 15
12 67 9
158 154 31
73 108 76
87 189 1
155 182 55
145 97 20
134 165 53
84 121 73
137 180 88
151 38 29
32 180 0
6 129 37
92 123 29
109 132 33
72 208 54
162 144 58
132 69 45
28 74 65
14 2 61
9 74 37
34 28 38
127 34 98
86 47 22
75 157 74
122 150 15
64 24 1
103 156 8
19 106 39
186 41 36
116 50 98
83 85 31
152 133 28
141 141 18
95 7 28
52 50 59
137 115 64
158 139 13
89 80 89
174 187 29
104 94 24
108 99 81
61 172 96
48 25 1
4 120 90
38 93 4
144 22 62
65 101 34
142 190 20
117 77 5
54 181 4
41 1 53
114 192 87
162 31 76
142 166 42
129 204 37
87 60 51
161 125 6
86 59 70
91 97 75
204 151 57
203 192 10
13 18 21
204 180 15
132 113 89
51 163 63
193 42 78
148 124 68
125 1 24
4 13 59
170 138 50
19 133 22
0 67 55
172 193 95
88 116 37
170 88 53
169 72 42
19 141 67
124 187 10
80 192 99
132 74 27
48 93 87
207 14 20
175 187 40
115 66 71
11 28 77
200 118 45
13 58 28
80 182 30
69 183 75
201 107 54
132 76 25
39 74 29
13 40 33
101 77 84
96 9 86
101 0 103
100 143 85
31 144 76
70 4 22
93 205 61
189 49 36
91 88 73
8 22 19
32 123 2
123 141 59
163 33 35
112 133 76
40 164 97
72 156 84
157 40 32
191 150 73
92 33 37
197 171 50
54 203 70
198 118 98
192 202 51
187 27 5
36 67 14
109 60 83
27 8 80
151 199 35
36 3 54
9 200 86
135 176 13
97 86 46
199 69 63
47 47 40
29 84 38
96 114 28
110 62 10
164 4 43
80 40 61
30 180 7
150 27 6
186 124 36
52 36 29
42 83 43
137 33 52
142 129 81
78 160 31
152 36 13
58 117 102
47 68 22
79 139 7
156 117 1
32 90 21
107 53 70
20 112 75
148 45 24
101 44 26
117 117 31
138 176 52
41 14 63
203 14 23
104 92 48
130 124 80
113 152 80
101 172 39
122 32 43
63 134 74
86 42 12
146 101 54
113 142 5
70 57 79
36 162 52
170 4 40
106 39 72
175 140 64
198 53 67
137 37 12
41 124 58
62 191 41
51 95 9
105 86 38
43 43 33
204 4 51
70 111 32
10 207 103
122 197 51
187 46 36
99 87 5
132 70 69
187 42 73
97 147 7
144 112 48
64 107 10
198 177 31
83 108 87
108 151 8
107 51 46
144 150 19
146 73 67
1 181 94
81 70 47
38 135 63
39 199 66
175 110 41
133 193 67
90 14 50
165 121 8
207 186 58
127 124 26
39 46 57
123 127 57
15 165 64
150 126 64
182 92 3
104 16 17
56 28 2
29 193 65
183 113 33
148 161 41
28 200 86
89 114 81
63 51 90
41 122 80
61 16 14
191 42 27
18 98 103
197 127 18
80 101 25
201 170 15
106 119 33
109 129 67
108 192 62
194 155 9
118 7 23
134 120 96
88 59 88
199 177 25
86 179 19
86 171 0
169 198 98
34 98 34
143 207 51
16 113 28
10 23 85
21 78 42
204 87 76
146 78 6
57 164 80
69 172 20
172 132 51
185 87 53
40 21 82
87 167 20
1 178 76
131 120 88
94 116 26
115 183 51
26 32 101
116 22 96
168 195 4
1 92 66
141 53 61
70 140 29
33 141 58
150 194 91
57 79 73
130 115 12
124 142 92
73 179 44
115 139 77
80 140 33
53 72 73
177 63 18
181 17 102
154 88 100
169 145 6
90 197 25
116 112 10
174 185 17
46 91 91
33 92 3
34 66 14
89 164 78
75 137 32
44 3 7
208 172 93
32 54 59
102 170 5
26 57 88
130 24 92
163 187 21
179 13 101
57 23 25
50 98 87
139 63 57
28 62 81
63 16 50
86 39 56
142 66 86
174 196 33
9 71 102
145 171 71
189 150 13
59 200 26
116 51 5
177 79 1
202 64 22
122 150 69
4 84 71
73 49 102
166 189 45
159 46 9
164 27 63
193 7 22
161 123 78
193 13 6
0 136 4
161 49 27
153 54 31
2 48 24
98 6 99
187 165 45
108 120 42
21 25 36
4 108 66
168 92 86
202 92 49
92 45 6
53 198 92
98 122 81
34 141 7
30 119 28
202 148 32
192 169 7
110 94 85
151 53 15
206 47 29
108 60 79
139 113 50
66 132 92
121 166 99
102 196 94
170 110 60
149 14 38
204 124 72
29 197 10
76 194 41
136 14 90
163 75 56
179 141 26
29 183 72
20 77 63
52 168 74
24 108 93
165 24 26
191 53 21
192 50 60
31 108 89
60 62 65
72 32 24
137 61 1
81 2 82
91 55 88
53 79 27
109 165 10
81 147 100
170 131 102
166 83 47
176 144 94
52 137 85
69 196 88
191 68 99
102 80 3
181 133 69
80 34 55
4 36 1
190 127 54
59 84 47
116 51 93
25 103 72
97 94 59
150 206 78
206 21 8
29 202 84
61 74 6
49 78 9
106 189 66
5 39 7
197 76 47
36 23 101
13 120 88
106 61 89
189 59 83
12 9 30
20 71 12
62 120 64
140 17 6
58 153 68
60 141 67
34 178 16
33 112 81
47 139 94
59 119 75
91 53 27
38 73 74
59 136 7
79 197 69
79 176 1
170 157 34
128 113 54
109 146 5
131 194 51
135 174 37
199 56 29
193 95 55
49 154 72
155 155 89
200 25 46
189 116 76
32 165 52
52 65 19
106 117 96
11 44 61
35 164 45
113 69 7
185 39 87
105 194 12
13 107 76
19 8 13
104 40 16
92 93 79
148 120 73
110 52 46
37 87 73
151 121 77
71 97 4
146 202 46
88 137 39
56 77 88
61 102 101
152 195 3
100 55 8
166 166 63
117 124 53
24 66 33
129 138 8
65 205 52
116 85 45
65 62 89
152 44 78
150 196 39
83 88 95
136 175 87
162 4 100
67 158 26
14 0 82
58 65 19
147 102 56
164 167 62
50 110 2
38 182 44
142 186 12
13 114 83
51 67 96
134 55 75
204 69 19
125 49 12
42 196 52
174 152 74
80 123 63
30 161 95
176 15 69
44 158 74
86 0 69
54 55 2
181 51 68
98 97 90
2 139 96
7 25 84
101 105 63
96 135 87
115 23 91
190 67 67
92 75 77
191 50 15
57 22 66
202 42 1
187 174 23
81 181 4
47 73 86
7 90 39
178 205 35
156 187 40
83 200 32
61 103 3
174 160 6
180 154 59
153 53 71
186 134 46
165 182 60
40 110 70
50 79 45
5 26 29
157 30 97
175 92 30
164 187 94
97 159 70
72 24 48
142 132 99
185 88 53
143 129 101
61 100 75
106 105 89
50 53 84
194 149 56
153 26 52
194 123 59
179 117 78
9 50 83
104 156 102
92 90 94
191 73 98
160 179 100
76 21 38
74 136 46
34 2 81
24 117 21
172 87 52
57 18 13
74 43 8
101 135 39
177 117 26
66 198 94
61 196 63
30 61 30
69 17 58
5 41 57
115 4 74
3 62 76
71 57 11
87 158 36
194 48 102
85 114 98
156 96 91
169 47 61
31 117 39
24 43 78
5 158 5
203 161 3
131 23 51
102 111 18
78 17 24
14 23 15
19 101 90
140 61 1
193 13 81
184 38 76
7 173 7
174 88 30
193 140 6
191 33 96
139 32 59
55 47 50
86 196 34
56 127 74
152 33 74
156 8 91
203 146 55
120 111 40
198 16 18
90 208 80
15 138 6
165 193 51
51 201 57
38 48 92
8 200 32
121 68 76
63 192 95
20 103 46
65 92 61
171 103 62
180 118 44
142 205 31
73 177 39
199 7 6
35 145 61
34 57 77
42 41 2
116 61 27
14 47 78
7 9 58
129 110 38
180 173 31
136 167 7
6 158 79
132 193 42
171 19 18
198 191 26
79 98 41
113 112 79
31 40 78
52 90 46
112 61 13
169 119 32
194 46 31
147 99 102
36 61 22
112 51 75
150 51 69
40 85 81
107 116 70
104 89 96
132 202 77
124 83 43
75 68 34
184 136 8
199 93 100
23 205 2
169 67 29
125 107 0
114 135 99
65 160 22
107 83 65
131 207 3
65 74 51
175 49 56
175 169 84
158 114 1
113 204 41
119 41 13
132 155 20
52 142 68
61 40 43
64 171 39
70 157 63
66 44 66
197 140 24
4 90 38
145 203 80
66 35 91
93 167 24
177 10 30
2 201 101
120 56 82
157 48 16
59 114 73
61 23 102
103 27 74
180 94 47
43 160 51
26 44 6
7 12 43
129 145 81
4 56 24
179 134 93
15 114 51
103 175 59
123 200 72
154 171 13
101 6 83
82 162 8
22 90 95
22 11 102
15 145 48
195 36 76
134 181 17
188 206 42
186 41 46
2 196 43
43 88 10
34 170 38
121 113 102
142 57 26
177 202 15
111 109 48
48 35 12
100 144 6
39 121 4
178 123 55
70 87 23
20 122 15
2 164 39
204 97 33
130 196 54
200 98 0
149 146 43
71 167 51
198 127 59
79 96 11
156 88 26
112 29 58
81 31 11
163 156 38
93 77 56
146 199 90
100 60 88
89 131 69
143 42 73
188 121 100
69 69 88
37 102 48
48 183 98
144 137 28
129 151 26
22 89 2
92 110 4
151 121 46
168 55 5
24 35 69
186 25 30
69 62 71
60 31 78
133 96 36
24 17 8
43 39 98
52 53 2
121 125 18
34 84 69
198 29 7
66 137 27
132 206 51
92 188 33
27 112 89
20 57 24
164 100 102
110 73 78
166 195 40
55 150 33
78 140 27
58 206 97
62 50 99
50 143 82
68 91 64
104 111 0
78 196 46
92 97 98
79 184 34
192 30 4
21 30 68
168 88 8
164 71 38
79 121 102
181 111 22
108 6 90
93 6 59
20 98 2
20 98 51
7 2 70
65 24 26
54 113 54
170 69 86
48 148 12
70 41 27
182 150 92
197 164 22
120 105 0
140 125 24
57 132 8
135 118 88
33 93 59
150 184 99
129 24 99
20 94 14
153 197 35
4 106 91
70 17 20
25 79 48
208 57 59
55 192 55
56 17 82
171 88 42
66 8 55
110 158 15
116 23 49
193 27 14
146 18 51
204 43 57
178 173 83
127 149 73
65 206 28
17 89 3
153 155 60
26 186 27
201 93 93
77 207 12
139 144 16
60 60 79
60 160 19
117 78 28
79 64 65
188 2 86
176 156 38
172 103 46
118 95 98
8 173 23
134 24 70
70 84 53
180 65 43
174 103 51
188 104 54
120 83 60
62 51 33
160 14 4
156 53 93
36 61 92
45 117 40
120 108 44
46 0 57
53 175 82
138 75 41
0 196 42
74 179 7
15 130 52
60 77 102
121 35 40
146 80 88
116 200 30
91 167 48
131 141 35
195 71 43
155 201 8
198 196 16
4 3 83
163 193 45
167 26 2
154 93 33
48 130 23
181 12 59
106 143 102
205 50 77
171 205 38
45 194 100
20 119 58
125 74 52
19 162 71
79 107 103
10 77 84
62 49 34
73 155 90
147 73 23
82 35 33
140 2 84
186 22 53
155 147 50
30 87 97
60 166 25
184 176 84
19 30 16
206 24 52
117 92 21
0 175 70
89 27 78
5 134 38
119 81 81
150 32 76
4 92 75
95 67 61
185 87 83
115 84 24
121 122 9
201 44 93
28 133 82
66 59 99
126 178 52
45 40 97
51 44 74
145 61 61
207 37 64
10 152 93
47 194 31
98 186 60
35 135 6
0 201 57
100 39 34
201 84 93
126 57 97
64 202 49
199 200 57
4 2 89
22 179 14
84 198 60
190 25 43
141 25 15
151 125 40
52 39 45
202 165 4
187 150 16
155 140 93
80 144 8
158 88 97
12 172 88
52 75 20
149 7 55
160 159 59
1 2 6
135 204 73
39 103 102
66 179 75
84 51 7
26 0 97
68 12 88
99 194 47
77 56 28
80 7 17
208 138 72
88 64 6
53 24 45
169 11 5
137 96 49
40 43 34
162 111 102
168 131 2
170 129 16
49 0 80
9 130 2
100 139 35
187 192 33
168 73 34
40 1 5
173 172 82
96 46 2
83 135 62
134 96 73
162 66 44
118 75 57
133 176 71
82 75 31
107 164 65
144 204 94
67 89 47
164 107 77
83 190 64
55 115 79
27 198 103
129 28 48
73 161 92
26 164 33
13 193 76
153 128 67
137 116 86
83 201 41
76 76 82
124 52 83
190 79 12
113 129 77
32 123 72
49 70 9
10 84 24
57 28 0
20 165 70
72 170 38
23 37 57
163 82 93
131 193 85
8 18 3
44 51 34
31 100 95
104 31 59
82 9 47
188 159 48
123 23 87
50 176 33
183 51 7
159 103 87
136 112 66
164 77 47
106 108 19
118 134 95
6 7 65
52 117 26
184 31 90
199 81 90
41 55 61
175 5 5
6 63 96
194 18 99
15 124 63
196 33 20
199 39 50
3 12 74
97 118 34
134 108 48
60 149 69
37 116 7
38 43 82
152 158 66
54 94 17
65 81 6
131 71 70
205 205 70
107 14 32
41 69 43
185 50 9
176 87 16
172 47 48
152 199 67
150 44 96
193 31 26
139 162 0
46 79 12
96 108 32
133 149 103
200 125 26
77 92 72
121 185 93
208 49 82
165 120 34
7 104 13
139 165 95
54 132 41
175 19 63
21 74 11
146 65 38
113 63 60
88 184 86
110 104 68
43 190 74
20 197 15
159 48 3
42 102 60
134 198 95
126 141 94
187 78 76
86 112 74
208 121 56
18 152 94
86 195 103
196 137 51
44 87 92
135 129 99
71 184 35
157 22 62
107 1 51
123 8 51
122 137 64
97 155 101
96 163 14
156 71 20
45 115 5
62 42 88
102 34 78
131 112 16
14 11 16
184 55 92
178 98 98
85 195 70
145 83 102
112 160 36
7 126 94
198 188 73
21 2 89
158 134 52
188 69 10
61 174 39
73 143 6
92 20 46
187 86 47
28 119 88
149 126 13
97 115 17
88 57 49
113 6 39
171 116 26
162 177 85
207 41 35
63 54 21
36 163 40
91 112 2
19 182 87
203 70 12
27 158 73
193 192 13
205 155 7
77 29 15
44 27 59
25 12 27
76 48 15
5 60 101
182 79 9
68 73 18
119 22 16
98 136 46
4 54 31
26 52 86
146 97 18
20 43 42
158 119 52
170 45 16
86 149 101
53 138 34
12 48 71
51 67 53
152 71 100
120 18 54
117 86 55
62 106 59
150 185 39
76 147 37
193 24 54
181 207 50
163 141 37
88 192 42
149 56 20
186 97 12