585
297 292 198
222 169 117
68 221 24
183 349 278
509 42 191
466 131 94
36 143 40
18 136 7
56 378 49
381 146 130
515 315 280
311 537 90
575 477 43
409 532 244
272 457 29
134 338 188
398 246 112
563 265 195
455 321 180
163 117 34
41 504 43
211 230 184
423 92 214
142 501 32
211 60 247
322 195 249
436 8 46
109 444 142
376 314 277
307 478 213
385 391 145
192 475 253
281 313 40
389 327 128
317 538 197
117 275 129
256 584 2
56 108 149
578 484 253
123 207 86
370 7 70
409 71 178
94 352 192
456 29 156
21 218 5
232 336 46
53 7 174
212 520 177
357 385 268
561 508 286
73 293 282
562 575 283
227 84 183
206 540 179
512 433 11
58 81 203
465 6 112
158 218 76
545 448 237
118 424 256
355 498 87
14 347 102
73 574 3
485 195 106
213 579 215
160 53 284
314 390 102
476 549 286
444 509 79
85 499 10
233 269 196
547 155 92
266 228 168
69 129 18
284 214 104
348 374 109
364 104 95
387 452 219
501 183 59
477 268 159
293 374 237
479 336 251
555 18 192
493 544 228
41 116 262
40 336 12
93 115 235
408 375 167
102 291 193
177 183 225
166 349 245
424 243 32
252 214 255
180 579 41
238 492 81
510 532 282
443 497 37
353 192 47
129 294 275
89 471 232
190 52 173
79 348 34
177 472 182
165 525 154
113 178 0
48 560 84
320 418 225
122 186 224
171 188 270
511 277 128
321 339 251
481 291 290
299 340 174
203 506 110
558 34 35
363 539 179
444 274 278
310 396 261
497 439 2
137 365 262
248 559 116
284 455 68
541 41 166
100 116 66
184 89 85
318 324 13
427 55 115
241 366 122
114 150 79
47 287 247
258 407 273
223 107 23
351 63 115
106 35 147
496 219 241
206 409 121
328 123 131
268 236 205
348 223 259
410 270 255
125 528 46
271 38 158
287 261 6
216 368 56
133 151 110
139 229 203
469 558 190
142 113 89
180 461 146
369 158 71
259 284 109
429 427 102
121 130 84
333 218 239
452 352 49
205 363 168
239 248 8
396 262 285
205 442 229
236 226 179
410 358 139
528 202 26
556 196 202
260 401 150
205 269 34
172 474 95
497 129 145
82 525 24
237 17 213
268 254 65
458 79 126
218 22 166
406 450 4
11 126 262
420 203 103
339 375 221
165 160 204
111 114 258
319 224 179
257 492 115
293 365 105
102 584 273
570 277 123
65 289 14
418 581 186
583 335 104
509 501 213
437 27 245
305 219 144
62 348 171
74 56 183
165 158 42
22 15 18
330 537 54
179 370 252
103 240 95
147 37 229
350 474 231
83 66 110
497 128 79
106 202 187
80 239 252
510 262 149
47 7 141
331 187 232
25 162 183
512 309 233
202 75 278
505 30 252
313 400 75
342 378 121
554 458 189
84 255 243
214 302 130
296 505 125
36 531 122
17 330 224
34 533 62
398 325 173
242 510 84
215 267 275
263 237 37
550 193 288
514 407 154
357 118 275
388 27 10
453 44 38
114 535 265
308 348 62
404 463 108
187 550 189
348 100 186
254 65 59
415 451 233
293 224 250
549 27 49
166 352 90
114 338 38
338 518 141
431 209 82
449 268 212
21 31 54
416 285 71
290 572 232
572 281 50
387 245 251
101 284 81
316 270 24
24 23 160
410 454 76
217 190 118
447 212 251
192 500 222
459 205 9
136 64 44
366 323 34
38 424 248
62 155 141
169 52 270
209 462 99
330 552 42
135 286 258
557 478 73
423 352 99
404 361 276
539 142 240
206 53 70
157 115 102
378 156 81
37 237 148
151 568 94
328 575 99
131 419 201
307 257 180
560 534 251
292 360 172
348 566 195
116 10 93
496 388 181
343 425 21
396 449 256
545 192 112
266 195 150
466 374 266
305 349 195
377 57 241
335 277 178
475 393 206
17 176 158
172 391 13
108 203 161
356 163 29
467 301 183
412 182 66
29 359 99
53 23 220
436 359 101
88 249 71
334 266 234
384 438 69
146 419 18
357 62 159
504 529 8
261 356 41
393 258 164
290 311 26
115 34 93
90 122 252
459 457 44
291 128 187
57 274 117
484 503 74
360 422 188
81 555 267
314 364 287
449 526 151
479 513 101
284 19 282
337 350 26
529 56 75
446 570 134
197 469 88
467 117 226
554 198 148
285 384 195
273 248 191
445 15 48
523 299 160
138 508 274
83 324 72
155 185 176
246 254 3
382 9 6
100 563 177
373 135 264
425 409 125
418 141 61
339 79 166
152 89 108
314 172 193
405 200 6
24 446 266
441 115 154
519 215 134
539 3 183
486 300 279
426 133 6
381 345 17
507 369 26
429 98 61
90 375 164
521 399 210
494 128 239
19 62 219
437 473 248
533 374 247
325 88 97
130 469 156
14 264 244
572 108 100
5 198 39
223 6 239
174 501 118
241 392 251
395 244 231
552 64 14
297 261 2
176 391 272
271 405 113
151 265 186
1 270 100
226 494 153
138 83 288
178 196 91
280 6 247
142 431 81
251 143 130
447 319 142
400 463 100
489 29 48
101 30 31
240 128 196
386 267 169
447 445 191
188 13 155
174 155 35
96 278 62
279 13 24
141 285 79
409 190 163
228 163 84
318 404 158
189 77 23
144 524 73
167 128 252
196 174 191
529 270 179
420 421 236
45 563 34
6 259 253
580 359 203
472 93 1
364 282 28
66 298 37
85 337 70
118 406 99
306 350 173
516 185 146
283 102 129
207 108 222
321 561 182
342 320 7
311 99 201
100 37 11
542 122 226
399 240 111
430 418 269
475 350 194
485 505 155
216 584 246
207 192 48
557 534 197
159 132 283
171 233 37
226 190 85
162 462 94
375 179 241
354 70 120
389 427 244
527 58 63
61 265 90
155 109 268
314 140 276
571 312 125
153 410 160
314 444 160
130 235 192
109 4 168
438 393 203
559 208 118
551 269 153
150 296 180
284 25 208
422 469 129
208 37 246
56 351 187
239 353 62
16 463 125
320 188 278
9 163 93
213 1 108
427 152 48
166 308 141
45 145 56
108 225 106
581 153 84
201 392 85
56 280 25
500 15 40
497 481 67
116 567 169
133 409 143
190 575 242
400 35 142
367 143 260
242 12 188
469 85 56
336 142 70
81 514 92
471 426 291
440 543 235
410 548 61
404 153 240
121 425 106
440 79 62
399 322 64
383 78 7
175 286 228
120 239 236
80 125 51
521 565 9
360 262 235
23 538 161
261 74 236
407 514 178
569 200 124
29 584 111
288 174 240
561 294 228
179 246 99
95 183 230
554 543 204
263 566 118
125 114 244
284 394 94
523 250 234
371 279 238
169 440 194
381 416 123
119 467 103
568 434 164
284 403 218
134 81 66
523 78 192
274 235 119
539 45 201
291 289 195
43 458 91
426 127 101
390 246 171
16 101 58
282 385 65
506 392 101
583 330 37
190 19 108
62 430 168
57 137 66
459 52 173
131 350 160
548 27 223
263 501 187
413 198 264
253 577 76
46 575 33
503 52 54
482 572 251
507 44 241
107 503 263
166 506 203
224 341 184
401 20 278
222 305 97
172 430 118
58 476 99
146 267 250
125 164 89
535 543 110
497 523 200
255 561 158
363 201 85
371 474 137
294 568 96
288 155 287
274 85 212
251 103 215
152 229 80
168 179 269
100 549 263
407 91 203
50 327 266
34 113 75
496 279 93
549 440 277
448 129 134
238 252 235
167 404 81
132 444 167
56 544 151
375 238 4
86 288 188
454 195 28
584 563 94
239 527 160
507 390 36
148 500 128
477 82 72
322 87 263
346 15 197
79 391 72
31 349 32
54 90 177
190 89 45
20 201 8
163 580 79
307 15 128
118 492 96
334 229 46
410 448 231
189 527 23
206 430 225
512 484 196
300 546 26
66 566 86
360 16 85
331 195 124
217 314 148
58 520 236
443 217 265
387 406 62
465 28 215
308 412 36
241 128 137
7 194 13
560 554 99
395 172 141
245 390 234
3 320 174
448 179 210
42 438 229
36 318 29
459 41 194
526 154 8
96 162 116
105 137 204
3 532 57
553 192 97
247 68 96
333 388 131
180 430 94
306 338 40
331 85 164
184 26 60
165 122 32
213 228 198
102 103 11
291 71 196
158 190 284
345 523 204
583 119 253
89 297 139
370 500 108
108 557 181
1 9 203
55 222 172
247 196 203
257 488 113
332 518 152
475 278 187
421 148 119
85 109 178
87 479 85
174 3 35
287 4 20
522 59 139
145 178 14
583 308 269
252 55 126
238 403 249
35 239 185
408 196 12
365 283 62
238 329 176
539 31 138
265 426 241
86 571 98
103 441 30
23 108 201
461 219 18
336 126 253
487 535 285
34 187 235
60 297 229
90 252 154
580 389 199
417 475 228
433 578 169
171 473 118
422 221 213
363 557 41
544 459 288
208 365 240
155 426 0
432 388 154
28 255 138
49 88 61
57 393 243
506 564 31
350 274 165
414 509 4
19 468 7
31 91 188
230 119 284
14 551 196
50 451 30
348 501 12
536 558 256
4 351 193
531 116 23
567 402 56
118 421 239
457 452 271
577 555 97
538 569 222
174 35 215
194 255 261
45 206 280
418 82 165
57 486 3
299 468 6
8 458 201
58 330 258
529 323 143
76 276 132
504 451 70
342 517 96
552 562 255
151 267 190
100 196 241
38 495 265
379 376 234
428 306 188
344 250 266
103 327 184
559 118 123
209 460 113
114 428 135
225 579 152
290 94 83
129 5 209
435 256 20
30 99 31
412 315 204
532 418 70
215 264 127
222 473 5
32 2 227
277 99 229
205 262 145
201 391 269
107 241 40
262 143 211
138 555 180
264 502 60
5 5 289
321 99 31
55 131 256
547 409 37
575 486 163
442 102 260
314 81 9
314 343 230
413 481 201
115 33 206
107 495 136
491 231 99
508 158 192
400 120 259
391 568 160
59 425 238
447 27 135
491 213 146
551 499 272
582 29 148
402 8 105
99 371 10
480 295 128
407 110 104
31 373 150
12 304 103
96 166 233
261 72 288
56 39 170
205 493 44
387 310 262
479 409 221
217 304 229
114 583 250
3 486 29
3 499 5
300 467 146
497 143 154
194 71 258
518 277 76
30 536 90
135 431 144
154 63 29
213 49 229
381 52 113
210 55 116
470 228 201
184 12 195
427 206 244
581 11 5
58 498 210
430 48 71
498 74 214
157 159 137
271 541 266
415 166 137
345 508 144
157 564 245
569 406 112
340 402 207
259 460 282
130 177 275
432 547 115
85 576 33
372 263 262
126 550 264
265 311 288
47 340 206
426 197 138
170 409 52
510 83 6
50 86 92
95 518 128
215 18 177
366 262 159
473 389 171
33 69 38
101 574 253
21 415 150
348 458 218
364 383 186
584 306 249
397 273 170
173 360 162
525 141 72
555 29 149
422 519 238
16 36 192
407 514 256
282 277 201
566 513 266
220 513 134
546 325 32
92 370 106
113 310 83
269 280 207
229 575 144
131 6 197
21 285 264
199 567 193
250 420 2
557 55 7
456 473 8
44 437 100
578 423 170
540 107 99
403 209 44
201 340 27
492 233 25
128 433 156
498 555 70
211 527 246
310 271 24
21 315 192
102 180 19
366 7 145
326 411 152
275 484 262
103 264 100
87 264 181
54 49 138
440 132 223
169 442 277
372 335 24
427 310 172
192 91 170
64 417 243
18 565 243
311 540 42
253 42 213
372 96 73
5 409 192
37 578 287
212 365 72
117 207 185
75 271 244
41 208 23
289 226 168
309 409 90
8 535 139
300 322 146
184 327 199
201 236 220
404 448 264
357 438 201
36 513 48
263 554 228
322 131 1
234 440 230
100 321 122
466 36 134
344 221 130
502 294 39
69 113 108
2 470 84
471 378 107
169 56 89
533 379 224
537 485 203
238 0 21
474 339 215
448 98 241
36 472 0
317 542 87
462 416 234
332 302 60
131 471 67
356 291 4
127 244 23
338 482 199
158 372 86
471 107 107
420 143 169
535 460 185
50 338 143
492 542 228
143 88 181
436 444 229
394 571 67
125 325 217
441 355 216
383 241 167
423 533 200
222 355 78
564 277 170
151 184 268
498 200 186
18 51 275
542 317 205
470 314 149
295 42 128
364 425 65
540 135 201
274 358 228
340 337 217
32 360 95
394 273 213
131 291 39
313 121 177
354 6 36
134 173 105
14 537 164
134 492 42
203 181 170
498 393 181
486 425 171
73 234 107
317 238 124
27 423 158
511 64 1
140 199 114
397 85 161
494 219 277
13 422 62
476 208 178
562 109 197
424 54 77
432 243 6
146 270 227
438 196 84
23 209 4
366 21 115
533 515 191
150 400 124
277 291 128
340 269 128
116 565 219
127 412 274
247 430 88
206 283 83
102 178 2
196 416 227
248 364 30
62 514 37
42 78 112
231 419 159
400 535 9
496 534 95
249 197 215
145 275 237
237 377 160
410 446 68
19 109 152
143 43 75
539 85 189
57 188 74
301 461 219
398 244 116
450 493 49
219 510 213
272 34 139
376 444 93
311 335 174
25 350 5
583 305 263
178 234 215
520 408 267
228 221 38
471 543 95
197 177 217
199 450 213
451 113 51
563 424 252
200 321 228
336 320 50
558 370 74
384 305 166
542 534 44
360 292 79
543 489 210
66 561 59
209 427 78
541 277 27
38 477 59
470 101 248
495 74 200
41 330 249
452 288 47
499 63 2
248 21 132
174 544 81
551 41 249
327 582 145
400 492 221
209 377 189
210 287 20
453 200 207
416 67 124
201 438 118
149 101 236
2 276 127
416 114 265
544 313 149
237 0 259
407 209 288
93 291 237
310 159 182
273 448 255
524 64 226
125 85 140
204 88 209
371 376 184
322 208 128
399 445 67
126 139 62
359 232 51
39 414 220
504 103 249
451 499 170
124 40 277
356 244 103
278 487 37
59 225 19
153 496 195
247 37 186
423 269 181
434 308 184
348 227 111
253 550 86
551 90 210
477 446 103
364 11 202
499 70 155
385 223 128
3 343 72
345 181 244
206 487 37
481 250 169
147 375 36
312 341 123
389 106 3
125 342 129
221 256 119
542 513 99
189 516 138
331 148 282
156 354 257
162 250 9
394 269 77
464 453 17
39 257 105
517 255 169
422 348 214
269 306 259
211 367 223
369 570 228
123 14 195
364 176 0
143 442 16
170 322 67
538 361 41
299 294 40
274 3 266
505 272 291
536 355 227
370 139 129
224 262 243
560 499 6
433 57 188
576 227 208
460 52 221
16 351 183
284 497 239
315 289 200
68 112 166
60 354 290
37 578 224
29 553 224
68 402 39
550 265 284
184 140 114
180 156 204
213 312 137
250 43 97
558 568 81
509 500 282
472 537 50
569 438 166
580 507 13
520 472 191
560 72 201
68 124 50
384 209 72
27 459 272
545 433 18
6 229 137
406 573 142
214 557 278
448 424 242
371 232 190
560 207 55
176 275 58
405 531 43
362 559 280
234 519 79
89 525 158
444 346 238
39 433 221
529 296 53
356 540 35
70 515 143
314 563 198
553 383 98
417 33 255
156 267 182
199 229 238
344 88 135
21 584 217
127 400 34
529 171 166
122 114 253
251 300 140
70 268 185
421 558 169
161 1 40
293 72 123
365 417 247
70 310 264
81 309 158
260 253 157
394 247 126
330 498 153
116 569 264
285 405 227
360 439 290
117 147 241
560 512 237
506 454 225
324 407 118
415 539 261
92 220 75
468 422 25
559 538 3
205 239 91
282 14 267
231 3 114
253 435 146
564 356 206
472 553 205
232 255 175
118 347 252
251 230 119
169 76 194
72 153 61
380 307 182
542 539 13
138 79 229
118 516 201
552 403 194
553 508 74
509 498 274
100 36 28
570 205 73
537 277 106
30 529 29
451 486 118
290 496 46
564 29 17
25 454 288
367 294 54
508 218 176
282 190 113
159 176 215
111 0 144
89 488 9
503 354 59
157 60 118
348 39 6
470 521 223
283 176 98
18 99 81
124 253 102
265 284 19
484 396 286
396 485 89
124 275 178
338 305 289
336 68 19
236 411 155
4 566 14
67 584 239
221 580 228
437 261 271
372 32 148
179 300 273
475 424 45
540 50 197
537 386 159
445 494 257
290 499 147
311 438 224
303 531 15
421 383 251
238 42 255
451 94 154
436 569 235
112 396 280
550 348 83
472 208 236
91 499 85
277 97 280
334 273 44
386 109 29
572 219 272
77 85 150
467 393 29
112 506 103
392 471 61
346 230 182
209 322 54
443 14 275
530 220 175
436 21 15
141 465 2
345 542 40
186 297 46
340 409 114
433 217 101
289 435 165
97 516 289
405 246 4
97 191 118
62 500 47
8 56 57
173 273 81
295 331 272
225 86 281
534 519 81
16 95 47
313 192 139
348 469 118
140 566 265
281 43 39
315 508 38
101 96 242
430 263 201
343 489 236
81 438 142
35 454 288
169 182 240
233 402 70
544 543 35
461 111 4
165 298 282
382 271 273
415 117 15
66 332 124
388 413 146
59 321 134
410 490 270
112 138 242
412 97 72
566 430 122
178 467 163
170 264 253
131 551 164
356 32 168
484 292 240
338 351 152
517 48 228
294 161 23
346 573 225
227 426 221
92 19 4
254 62 226
103 193 207
526 421 178
112 321 21
568 74 216
175 463 129
272 173 31
251 391 252
328 33 245
123 125 288
385 252 81
198 355 157
563 169 238
248 153 142
225 136 15
553 183 268
89 327 278
499 578 12
57 322 94
41 445 64
44 245 84
567 443 99
570 294 290
409 542 225
570 182 128
548 22 151
533 112 214
563 483 49
271 540 156
13 581 189
337 498 120
328 480 175
546 337 270
221 161 259
176 18 179
12 567 247
158 387 267
504 238 286
258 509 234
334 522 62
142 146 60
67 346 277
435 180 270
385 401 2
163 449 150
124 461 179
564 35 17
531 539 265
268 84 43
418 418 15
565 560 259
496 499 245
195 221 103
230 21 108
427 57 177
515 181 148
456 160 155
200 563 121
182 246 79
546 80 169
262 517 288
581 428 248
534 38 208
210 269 132
159 568 278
101 370 226
376 242 223
558 314 244
566 369 251
201 330 187
583 464 114
355 332 61
498 282 12
405 492 255
78 524 160
393 497 200
304 160 232
247 133 273
40 114 19
537 187 82
528 185 153
324 412 215
548 325 206
97 17 213
373 96 35
504 489 158
548 81 114
579 328 58
339 241 79
468 193 256
214 136 174
424 332 121
253 295 21
493 265 98
384 510 161
214 429 212
413 264 152
315 258 204
222 469 13
243 224 138
323 310 151
332 149 165
168 403 227
329 183 72
379 439 216
526 525 235
449 353 21
453 83 84
72 305 111
518 420 139
443 30 216
505 362 205
187 530 28
164 146 168
278 525 254
317 466 289
328 202 171
475 70 274
168 143 72
203 533 228
5 391 90
574 184 140
580 243 207
404 279 280
155 557 149
345 289 285
475 489 6
245 251 18
555 292 232
0 495 78
322 372 246
546 361 12
547 229 125
493 505 212
457 76 37
234 421 108
477 184 60
209 429 207
12 272 16
415 272 183
53 467 231
83 428 100
168 391 272
369 171 175
263 501 252
130 150 173
29 499 228
418 123 264
473 136 262
107 423 278
236 349 249
152 304 249
301 472 125
552 128 52
138 392 35
385 394 207
340 423 253
352 256 164
208 16 281
336 580 204
480 103 12
50 255 259
48 429 66
309 396 141
156 534 98
505 206 234
290 546 106
575 185 33
398 393 240
229 16 109
483 497 133
374 547 249
440 467 235
394 63 87
477 219 256
238 11 118
394 174 123
260 164 206
382 562 33
521 206 156
528 561 287
510 222 59
290 78 13
244 472 274
8 364 3
51 475 110
427 156 220
509 416 278
320 213 156
268 22 103
232 422 48
566 347 278
276 509 178
198 40 90
182 49 186
386 557 210
346 399 136
22 196 38
448 388 274
137 71 159
33 303 111
362 156 279
456 305 280
501 503 75
433 100 26
16 359 98
75 120 101
161 142 159
79 462 170
82 472 151
564 377 275
298 26 228
251 482 55
128 270 45
503 118 181
214 7 173
25 539 100
565 572 214
130 66 163
84 20 102
108 584 135
308 169 18
537 420 13
28 421 8
352 339 75
191 554 110
261 451 15
451 303 203
70 434 127
24 518 47
450 41 120
540 222 167
528 174 157
414 74 64
570 298 239
3 489 139
157 165 106
136 488 259
103 559 156
9 583 228
520 449 58
189 276 214
156 220 16
416 506 104
54 491 230
489 366 269
180 523 100
195 532 117
56 507 225
223 516 279
323 323 74
336 513 37
444 541 185
12 372 240
112 427 194
54 203 122
229 256 120
441 451 186
100 379 231
190 17 60
279 212 26
103 420 219
204 279 238
269 164 223
255 276 224
147 202 188
278 303 237
219 160 202
107 260 2
502 323 117
116 17 143
511 120 170
248 197 90
399 466 194
466 9 18
118 156 38
559 306 245
415 525 141
265 47 119
238 550 111
228 538 73
430 464 95
340 0 167
401 399 198
41 280 119
542 271 108
533 117 289
115 533 180
569 85 261
571 324 162
183 552 251
397 398 232
19 25 47
422 426 210
451 467 54
32 296 94
99 117 194
15 232 40
456 88 94
232 532 65
430 130 38
125 400 189
28 419 56
59 128 5
361 452 262
231 484 230
372 455 238
46 470 224
252 214 53
416 446 121
447 292 231
318 289 179
458 317 29
39 248 240
45 481 135
391 128 109
448 500 269
165 546 30
443 86 139
224 502 257
81 237 271
397 427 92
71 300 276
493 211 238
458 129 189
291 520 198
480 383 19
411 420 172
356 278 64
387 502 113
280 455 61
464 267 238
97 210 234
174 118 104
244 449 131
210 155 269
176 507 180
57 333 70
357 562 147
158 236 173
334 516 268
161 268 49
416 365 277
386 411 123
439 70 70
37 152 286
154 200 4
70 258 45
277 487 148
50 518 160
325 139 45
342 300 44
42 131 281
282 389 109
183 244 73
277 153 72
526 307 270
112 249 104
360 399 22
458 449 103
335 61 137
15 403 169
549 318 163
149 15 11
161 70 127
116 347 42
95 288 10
274 272 226
584 504 130
211 377 193
228 584 248
384 472 12
255 436 69
130 457 129
395 491 23
190 479 81
11 574 21
139 135 123
388 134 124
452 217 174
251 445 139
112 244 34
248 372 195
117 502 12
330 184 193
28 375 212
73 258 125
150 397 202
371 200 241
511 67 246
316 319 14
578 303 264
141 551 291
13 540 242
342 285 111
577 313 27
578 258 32
568 408 136
108 66 242
240 577 203
5 181 198
215 46 183
541 187 138
527 200 148
558 542 18
60 406 79
395 399 72
530 382 50
350 363 72
370 18 19
201 480 16
352 567 219
220 396 46
512 338 278
45 183 49
449 243 138
452 53 139
129 456 195
85 221 215
108 463 116
580 79 146
63 303 9
49 524 247
94 323 15
212 368 107
288 104 51
57 557 133
97 101 111
520 58 89
8 166 33
100 161 115
544 96 256
385 17 41
38 569 208
28 196 290
74 484 12
491 413 55
120 511 167
334 318 107
55 327 222
112 299 257
120 258 178
431 515 206
97 425 94
542 454 88
58 400 271
264 178 131
441 298 117
464 504 132
88 432 82
335 544 68
31 536 220
281 382 255
548 479 114
86 309 103
405 367 38
496 46 246
416 360 260
133 111 209
41 199 165
404 406 146
353 310 267
560 463 184
570 426 216
548 384 262
139 204 44
130 573 128
299 276 276
181 281 72
440 323 191
89 142 271
26 496 278
42 343 50
313 328 133
350 291 265
111 302 275
111 432 125
30 18 223
181 200 102
571 512 187
319 474 252
474 500 72
225 415 159
440 15 170
367 237 201
551 348 65
354 331 58
145 234 136
84 415 250
432 274 25
391 8 195
492 354 30
376 452 56
18 179 182
446 418 8
581 384 88
433 25 158
4 170 55
51 254 23
298 559 149
473 365 8
408 144 165
259 392 5
525 282 179
221 144 188
154 140 23
307 445 249
79 321 117
541 373 108
249 543 34
103 303 82
551 127 212
512 386 172
340 327 154
219 548 3
516 575 229
485 169 21
352 248 5
389 77 10
95 326 10
233 430 13
22 268 200
413 195 33
482 535 119
377 41 72
160 557 193
83 330 262
323 554 144
300 358 188
64 453 109
244 558 55
143 453 35
40 153 182
324 50 225
350 300 35
212 460 76
520 416 80
541 26 4
555 326 241
60 263 8
477 379 230
483 394 83
172 435 87
56 174 107
219 525 280
551 24 9
15 544 108
393 373 14
156 215 7
148 275 67
9 40 220
301 523 154
460 568 55
60 39 264
295 259 283
245 97 201
70 112 179
56 378 188
196 534 80
534 554 12
423 564 108
234 280 99
311 27 21
239 544 40
341 254 88
127 499 200
522 442 130
291 498 265
178 566 10
279 515 190
71 225 230
360 459 36
460 58 276
542 169 160
79 382 57
332 509 245
555 446 151
177 24 143
177 202 235
126 482 159
44 425 225
399 73 71
320 533 126
141 490 170
507 442 159
414 61 68
235 488 114
371 80 152
419 257 64
321 255 221
25 172 51
539 443 199
215 178 196
534 192 64
309 571 86
9 400 90
90 50 230
489 421 66
328 128 157
369 321 171
179 346 40
286 172 254
467 388 250
467 209 287
245 391 234
337 400 132
491 363 210
548 139 53
557 467 47
111 251 168
506 302 267
487 461 229
199 215 142
89 554 116
43 215 28
440 424 21
195 330 164
457 293 279
428 138 209
527 249 4
362 42 175
415 530 191
56 16 235
413 562 212
395 477 169
183 332 192
244 527 65
539 271 0
389 115 81
579 514 141
307 292 74
209 579 198
116 507 183
109 336 247
200 18 125
250 202 35
140 446 93
360 272 234
288 534 186
227 400 12
287 122 157
517 331 288
437 319 65
372 429 184
285 501 193
89 39 119
98 179 260
48 539 196
270 114 223
351 213 226
362 500 193
79 305 8
248 157 153
212 529 249
511 101 216
116 63 222
508 161 152
48 209 39
446 352 175
79 118 59
241 480 106
268 432 84
42 552 175
8 51 271
274 435 34
457 551 159
94 347 81
367 395 218
466 256 187
95 208 158
522 449 145
151 4 288
86 504 15
177 512 221
85 73 245
552 531 248
496 497 58
17 152 211
204 33 10
286 0 264
230 394 15
70 546 25
214 47 25
198 96 137
233 54 26
575 21 201
298 389 268
369 406 102
122 25 2
131 183 161
221 414 20
46 356 11
461 443 170
210 56 89
343 161 54
550 151 68
574 449 290
511 105 203
472 227 23
467 231 215
334 324 60
10 370 271
105 247 277
118 329 61
228 88 152
392 510 179
321 499 115
55 298 17
67 185 66
561 67 271
69 273 21
320 284 191
343 389 207
95 507 110
489 23 36
458 287 272
323 24 159
52 79 258
471 18 55
277 579 151
314 64 109
90 256 240
109 14 232
374 567 255
384 471 107
354 216 102
121 539 47
388 6 185
239 350 135
276 42 196
253 229 276
375 319 127
196 300 35
406 90 263
282 346 288
182 573 247
369 566 10
452 369 2
486 24 239
81 172 171
127 297 86
110 87 281
349 283 54
474 561 214
582 131 287
447 313 260
529 554 129
566 293 39
353 194 263
33 147 224
84 274 107
365 256 3
380 477 138
567 367 126
132 236 240
500 555 263
143 500 5
352 353 97
346 121 124
236 26 189
299 110 229
74 475 163
393 142 152
411 582 214
406 1 29
403 373 177
129 516 290
280 155 102
12 502 167
65 153 156
138 324 209
357 270 119
119 79 153
487 362 72
509 55 107
54 459 205
27 3 58
499 155 71
27 167 284
260 105 52
392 115 182
506 344 215
382 463 121
401 238 38
289 34 62
50 546 172
184 573 16
121 487 183
214 386 204
95 62 154
2 326 255
234 119 104
23 501 188
476 318 28
578 479 162
151 402 18
55 1 66
547 580 288
482 81 204
456 176 256
535 179 1
16 285 232
426 308 176
1 71 263
400 64 273
248 88 20
514 143 277
183 563 243
339 332 265
169 203 28
61 25 167
23 498 281
232 339 261
230 212 244
417 27 236
499 147 8
270 533 24
43 131 7
267 343 125
573 512 274
470 446 24
290 469 214
395 574 56
223 91 30
579 508 150
414 423 284
82 565 160
478 23 102
139 163 124
260 151 106
328 36 11
421 198 132
299 8 118
516 103 113
232 97 73
561 383 286
197 465 172
366 230 286
81 369 286
12 44 130
455 244 122
46 537 137
563 251 132
357 54 92
241 287 245
49 135 211
152 332 32
108 113 282
87 67 94
229 79 159
394 406 153
10 452 114
281 302 226
560 531 251
357 188 237
123 109 286
272 134 129
174 242 172
435 329 240
352 558 134
185 239 268
263 249 53
166 402 205
320 377 260
272 21 6
55 144 116
430 416 277
424 6 61
404 313 78
579 80 290
577 137 243
524 401 43
210 567 119
528 174 19
335 446 111
74 373 40
50 90 50
33 387 124
257 206 253
98 73 239
496 65 225
421 5 73
9 87 157
457 30 119
239 237 211
500 311 69
191 234 289
299 139 91
413 268 231
584 366 42
250 150 274
54 571 286
130 452 131
189 324 32
165 436 199
460 223 72
544 414 58
133 129 95
566 414 276
35 414 81
163 79 59
228 5 178
298 136 189
327 197 181
259 362 172
429 238 274
69 197 203
71 202 26
84 55 111
237 547 142
172 125 66
257 225 110
200 523 38
468 266 284
347 397 91
77 113 223
487 182 181
141 125 254
382 81 193
452 319 246
95 363 146
402 36 169
130 108 15
579 448 93
55 210 127
351 159 39
299 61 163
317 203 279
408 0 176
555 324 113
536 419 171
57 236 102
261 239 84
532 233 13
227 161 40
192 512 59
399 98 38
75 287 163
333 568 185
88 538 167
34 361 283
472 418 275
104 95 270
430 499 290
35 13 50
307 206 194
25 477 69
390 424 166
373 172 106
356 261 115
535 295 131
420 54 8
414 159 176
189 4 66
527 496 64
569 90 264
282 116 138
94 506 125
65 167 196
19 523 252
255 346 66
395 53 100
240 467 182
181 529 72
492 471 74
104 328 230
507 482 30
89 576 48
223 513 172
274 404 279
128 74 243
22 469 39
556 125 236
535 178 227
391 85 270
159 62 124
346 569 275
64 74 207
288 169 40
552 443 202
41 444 194
333 338 177
93 181 113
193 132 194
109 395 179
497 426 131
371 187 6
271 251 235
35 412 51
312 251 233
280 164 159
323 497 139
123 462 12
504 528 222
479 52 257
539 421 158
533 208 189
383 479 54
308 514 63
274 113 112
555 394 156
568 4 130
334 127 90
153 504 255
105 398 252
324 224 77
384 172 113
504 427 67
419 150 132
489 296 54
354 267 5
254 122 195
67 456 184
342 481 87
432 458 66
574 197 24
425 454 60
484 373 181
182 79 37
394 569 249
6 210 173
13 464 261
481 531 52
491 160 142
293 7 139
492 454 22
203 294 243
85 66 83
267 248 195
15 514 28
187 520 2
370 533 258
90 429 33
266 208 19
210 373 161
28 152 97
501 355 228
129 313 34
131 580 183
85 10 223
479 69 176
42 439 65
526 401 67
371 82 60
377 165 131
263 65 39
17 438 99
523 568 49
382 571 102
489 528 262
397 423 164
113 337 287
362 278 2
199 521 219
245 186 206
78 321 70
64 210 156
278 149 93
219 403 256
156 180 255
561 577 88
322 562 65
522 339 120
539 539 11
383 71 16
391 149 21
465 86 107
265 364 195
504 455 11
145 484 45
187 332 212
66 69 74
155 6 278
393 418 17
111 216 227
344 22 148
441 360 126
36 40 229
236 544 230
255 562 216
454 164 141
518 102 153
559 129 280
226 523 183
433 506 114
582 266 231
296 579 37
96 487 256
132 139 74
39 266 54
301 8 128
311 526 108
389 372 13
346 13 286
136 446 30
14 444 122
500 27 15
47 124 75
348 256 191
352 167 82
461 341 100
478 67 134
12 328 258
261 547 134
448 555 89
429 570 57
90 357 154
203 404 215
347 39 193
373 391 25
538 139 173
126 32 210
240 502 290
13 178 60
385 499 27
490 343 290
326 433 172
189 52 35
49 271 86
165 516 125
320 342 188
232 468 113
82 581 283
133 9 127
146 266 192
130 43 248
555 369 94
168 431 36
57 480 150
442 60 287
49 252 254
253 484 135
361 567 47
386 572 232
461 134 258
451 136 196
70 106 89
123 146 74
100 75 91
220 518 9
272 567 145
537 107 74
101 340 21
246 13 260
401 347 252
109 213 40
445 283 191
438 279 260
277 379 8
468 472 88
6 159 25
382 568 9
72 85 167
201 331 184
189 147 170
312 128 26
442 574 0
222 427 187
21 120 23
352 460 241
159 467 237
277 264 265
503 336 137
485 409 208
352 470 93
566 197 52
408 55 248
405 149 202
554 42 249
369 394 188
71 425 11
389 118 124
233 36 49
492 393 51
40 32 114
64 13 184
345 421 8
487 114 53
344 540 13
320 324 154
44 267 290
235 71 121
105 176 256
183 83 264
85 580 35
330 60 17
59 277 234
428 52 72
233 396 26
538 3 87
68 48 188
480 283 290
297 261 27
150 444 135
141 402 240
293 147 110
458 206 89
331 49 150
191 154 171
5 108 110
16 176 154
293 528 6
514 240 83
326 262 126
93 404 169
313 112 19
8 442 168
438 188 8
206 251 192
371 257 118
411 273 264
243 566 272
358 367 3
150 108 266
258 74 156
183 387 277
255 268 78
405 121 53
476 199 276
244 570 156
450 268 89
246 511 231
571 157 290
550 179 275
79 437 47
12 35 106
57 162 285
416 567 74
251 458 207
465 574 257
223 439 40
126 101 20
10 544 154
134 381 266
367 461 174
545 345 15
398 403 100
62 106 29
176 357 54
490 109 75
204 332 228
58 330 144
296 213 96
106 347 103
95 1 124
393 547 283
13 232 272
380 295 169
16 343 289
110 248 46
66 452 166
333 383 152
573 94 221
187 73 63
182 40 260
511 306 245
15 319 124
379 572 165
264 3 150
507 571 256
275 509 170
119 129 226
421 574 120
224 176 21
374 230 179
397 28 153
255 500 282
473 294 33
145 559 35
160 353 51
424 500 124
428 34 190
229 328 101
582 424 229
295 85 94
49 482 111
108 24 225
359 369 154
12 514 21
126 90 115
97 386 205
450 229 135
346 331 56
232 200 190
165 496 0
201 545 22
138 525 211
575 300 89
8 184 99
458 182 114
91 152 50
96 17 127
8 235 230
248 467 219
199 505 100
235 578 20
41 3 133
584 578 152
198 459 62
327 332 224
418 295 72
311 263 7
305 272 235
45 392 275
570 464 31
294 114 213
434 27 10
515 26 261
183 97 230
36 296 198
71 130 280
130 313 98
206 33 46
389 535 180
455 520 91
441 101 71
293 536 125
148 338 158
453 522 258
505 558 216
303 501 131
141 503 53
242 124 109
30 385 237
539 256 57
343 112 252
133 277 228
535 297 134
251 166 105
521 543 188
503 133 23
29 274 266
198 516 32
399 418 140
551 245 266
382 460 133
442 8 229
198 415 290
420 539 268
451 347 102
327 265 250
119 167 150
286 365 142
577 51 274
540 474 141
175 271 111
379 1 255
275 199 114
341 491 139
573 229 4
50 556 184
246 547 244
3 248 205
276 112 193
127 67 136
351 114 93
322 493 283
301 56 91
440 397 203
532 258 124
387 180 26
252 298 240
283 301 124
95 450 18
415 577 30
39 216 120
520 538 143
417 127 6
513 567 275
387 514 65
33 189 14
107 441 114
15 139 189
171 106 107
311 521 110
391 433 46
0 368 42
102 73 14
133 1 108
561 261 140
534 294 129
559 274 228
426 289 97
467 333 235
244 59 217
471 450 165
329 450 188
13 425 244
408 558 132
73 406 56
252 227 124
492 201 85
3 500 147
567 254 159
196 498 107
91 257 36
418 458 36
401 471 265
457 167 114
515 112 150
120 364 130
477 143 84
523 18 79
274 0 44
229 69 55
244 160 221
582 450 264
200 267 244
115 139 174
3 526 131
41 519 255
306 411 75
59 350 127
313 496 200
235 140 222
528 257 102
365 254 6
76 454 137
130 569 107
223 444 50
428 357 5
284 78 112
283 137 117
300 450 167
189 558 146
148 373 128
138 154 150
579 102 232
117 104 55
124 199 9
529 42 244
283 198 290
320 481 247
123 68 164
293 129 100
476 277 94
331 416 60
568 282 262
418 272 84
252 396 236
274 340 5
196 38 166
68 358 258
535 353 68
282 519 105
459 410 266
552 157 71
544 12 110
52 431 211
122 555 174
390 117 49
573 313 133
368 254 230
517 204 151
20 358 78
366 232 125
277 71 129
347 30 240
243 540 73
283 77 267
6 339 248
69 199 244
42 568 268
118 372 244
547 392 60
325 174 76
385 323 110
475 542 192
449 201 15
141 356 216
388 363 155
40 432 131
5 347 17
96 465 40
391 427 252
331 39 207
503 296 123
33 58 88
179 507 195
152 520 71
202 324 151
336 364 208
212 241 82
71 337 264
174 143 45
541 346 71
41 264 191
192 169 228
301 349 112
26 501 210
565 576 188
296 327 3
332 539 191
2 482 128
9 528 42
443 484 285
203 397 41
132 462 4
119 178 59
28 77 221
330 514 121
243 97 175
520 302 238
453 304 19
10 314 142
167 44 243
85 120 239
267 252 252
491 371 46
478 271 109
254 474 220
478 132 223
316 525 33
108 265 8
254 276 121
215 315 125
76 401 74
78 540 144
542 446 271
14 212 259
478 338 27
285 232 23
190 548 265
397 529 52
324 198 81
308 414 102
465 362 91
29 440 73
302 397 38
361 283 60
436 176 36
527 462 104
495 67 131
403 337 62
577 76 208
441 384 96
493 137 277
361 38 98
185 341 71
455 574 259
224 425 154
203 240 270
415 22 230
462 426 50
453 418 15
514 146 246
277 512 285
529 288 158
509 473 24
172 215 154
247 311 193
243 515 167
115 345 83
384 94 223
405 419 7
502 220 101
271 497 22
48 314 137
449 238 197
478 410 238
369 530 30
100 60 160
400 47 165
137 432 176
173 252 223
498 170 238
385 313 11
199 361 78
174 226 278
494 119 50
444 488 238
578 460 120
57 147 243
210 285 236
457 458 165
538 371 14
255 44 29
341 243 220
28 289 144
81 198 101
288 58 247
441 508 173
525 566 48
72 191 246
51 64 83
155 474 150
300 16 257
174 229 118
409 257 161
157 210 277
481 499 103
581 227 237
557 167 288
95 240 81
375 163 83
528 318 225
211 491 131
67 80 118
38 361 250
298 390 203
44 158 13
305 155 226
490 584 55
527 551 34
43 341 107
80 156 117
135 367 77
78 434 17
122 344 125
552 515 269
480 431 226
321 24 228
390 514 172
498 328 90
133 244 212
388 324 53
377 331 24
272 409 105
247 404 124
455 371 209
340 266 69
384 3 68
582 265 151
67 178 7
102 183 8
479 571 221
298 364 273
485 51 1
266 171 109
519 498 263
446 254 49
347 53 98
273 507 4
456 446 162
383 549 266
554 315 164
465 28 232
579 386 287
517 67 7
275 458 133
276 319 41
543 538 218
101 226 16
508 555 193
381 353 238
436 323 56
350 75 268
43 69 23
245 458 26
489 20 61
190 296 61
17 127 96
482 100 217
157 480 285
150 148 291
235 457 258
507 222 116
94 138 106
68 255 229
565 159 28
351 222 24
199 239 284
1 9 274
30 38 31
485 188 268
124 295 69
415 217 214
196 183 10
503 251 37
99 232 10
300 455 63
541 69 205
325 71 85
208 558 288
444 458 115
244 455 112
500 157 11
266 354 80
170 272 52
201 371 212
136 543 54
420 500 207
231 240 152
51 320 122
366 180 79
156 296 37
369 211 222
543 478 151
444 520 238
468 9 95
139 145 44
137 565 124
332 84 280
471 7 202
454 246 214
311 402 276
495 187 166
252 145 81
362 461 291
160 344 282
74 355 48
531 492 221
318 112 145
89 455 181
52 324 18
196 51 63
50 418 119
116 85 197
532 448 87
299 480 99
74 554 155
452 500 15
225 105 180
539 194 186
275 119 188
258 315 232
186 365 63
45 354 181
49 301 136
387 472 182
357 419 108
97 286 248
201 383 128
290 337 10
248 484 98
403 157 22
481 215 43
393 260 50
518 182 92
250 569 186
5 341 13
315 310 190
413 384 62
159 546 66
428 209 75
232 485 93
350 253 165
249 61 104
374 451 122
216 116 274
402 122 93
422 309 268
143 137 264
119 168 213
176 469 42
260 116 214
502 466 53
247 3 208
252 377 258
439 465 33
482 282 38
154 119 41
9 134 16
375 125 73
447 301 224
143 562 243
324 351 153
45 13 288
413 265 82
63 576 229
414 474 5
174 500 25
243 509 153
194 172 145
314 34 97
189 177 70
53 501 141
383 418 166
131 247 283
0 310 272
463 139 165
496 185 7
520 300 65
93 495 5
377 96 24
378 157 196
227 210 135
428 8 155
515 11 155
410 12 118
40 475 45
273 258 266
293 65 222
237 31 206
354 408 15
504 73 134
247 173 205
362 473 123
311 403 142
507 100 54
428 141 72
232 414 200
221 579 157
511 231 95
125 0 159
293 377 124
33 39 59
568 401 105
527 128 122
370 507 83
224 223 262
426 455 224
302 92 268
572 475 136
416 15 124
540 180 258
153 213 134
268 197 180
400 11 242
350 253 183
272 478 106
464 319 40
228 493 250
115 480 67
562 311 265
424 267 277
536 292 219
101 561 282
525 248 5
364 13 113
583 157 62
567 36 184
294 265 110
570 252 275
23 229 172
77 525 270
311 476 61
45 578 203
434 390 218
249 170 212
189 168 268
151 22 50
176 189 73
237 46 6
66 70 1
207 147 134
486 330 113
473 375 55
180 224 124
263 345 271
103 535 95
101 101 271
135 149 270
178 386 34
473 453 199
284 532 186
35 433 240
263 194 273
356 374 290
383 510 266
323 28 21
304 129 186
307 136 69
499 314 56
24 202 131
205 486 174
404 394 132
349 72 81
84 429 208
500 99 132
92 294 49
347 13 226
447 320 131
111 106 111
34 131 158
409 208 271
19 27 2
62 376 32
299 460 123
197 248 108
21 340 226
330 560 282
183 422 237
173 406 87
478 312 125
144 8 275
296 27 123
130 546 171
36 132 122
243 202 252
421 223 227
308 553 51
209 151 186
431 197 102
46 547 147
377 106 145
331 274 253
184 404 21
414 312 128
264 555 152
489 263 257
470 572 152
426 196 80
92 42 155
35 545 213
163 337 104
299 540 67
462 12 138
459 426 23
461 105 139
79 467 284
378 352 118
516 66 183
93 30 115
452 522 3
60 100 246
487 399 261
348 149 138
156 480 48
148 356 115
568 308 6
82 558 240
39 489 253
193 455 263
390 194 65
419 255 97
200 29 182
394 377 4
143 405 152
63 554 156
88 409 183
452 363 167
583 403 244
196 11 187
423 273 167
3 107 72
141 180 22
93 574 70
194 5 44
62 68 245
287 156 212
107 23 244
485 21 153
183 89 106
79 513 201
170 388 135
516 529 169
307 494 256
347 560 227
207 38 114
494 197 64
20 305 35
494 205 268
74 260 139
250 212 189
114 382 207
86 314 257
238 36 247
252 255 147
270 462 127
357 371 51
471 263 69
481 173 72
512 119 258
504 369 245
297 483 184
21 570 148
18 95 143
510 219 239
393 362 157
57 134 157
47 477 129
214 373 24
459 172 288
379 549 135
383 261 26
312 154 113
428 172 257
451 555 129
145 235 218
301 292 54
115 340 286
321 426 40
444 300 170
101 551 230
127 349 102
52 534 253
418 249 80
167 115 107
8 132 157
210 433 98
547 549 240
63 157 68
409 474 256
343 575 136
241 118 263
272 42 236
457 460 156
102 500 182
173 380 247
480 5 214
366 424 210
7 359 88
531 184 131
58 399 27
9 56 220
309 200 120
430 73 133
215 47 223
572 92 228
477 572 42
103 353 13
277 232 133
481 51 120
574 566 160
73 575 174
274 299 264
390 16 84
253 231 6
31 91 138
61 568 36
96 86 92
428 236 252
407 132 262
569 122 102
546 195 167
323 341 170
429 18 281
351 271 122
193 174 134
255 235 272
48 204 168
195 47 31
447 326 209
164 311 266
320 144 197
467 468 223
200 184 171
534 407 144
515 15 87
459 142 214
259 191 258
145 386 232
139 120 255
265 157 186
386 477 137
116 231 23
60 431 60
480 381 57
1 183 279
281 515 6
84 189 117
91 206 136
18 345 9
271 482 273
122 283 138
117 400 81
453 332 238
387 227 48
16 228 169
118 510 150
490 9 264
340 101 95
320 119 226
549 262 6
222 384 271
373 501 33
42 369 115
142 44 90
496 517 84
320 50 218
74 412 74
474 167 201
367 360 232
20 324 130
27 419 65
318 207 174
424 121 158
150 263 92
103 46 1
284 366 150
263 440 267
251 201 163
212 568 265
36 460 290
250 488 188
263 221 97
64 518 82
107 83 122
322 186 216
342 470 227
412 148 27
181 271 174
118 355 145
415 391 184
324 56 264
66 191 88
16 128 242
415 235 241
36 430 191
161 59 145
67 343 28
285 524 208
577 58 284
268 345 182
291 84 62
217 151 235
364 39 290
317 454 109
352 363 29
446 396 67
425 463 49
296 35 275
567 485 15
481 168 102
201 459 228
434 548 12
274 199 88
571 516 278
519 156 73
311 474 289
35 186 261
101 482 33
107 465 22
43 361 130
325 434 201
563 283 207
495 430 252
210 416 256
379 350 183
327 534 177
85 569 123
179 85 33
180 65 100
538 565 24
22 177 279
294 155 36
401 522 81
250 147 152
488 399 20
169 141 21
324 98 207
537 149 27
191 201 65
53 154 288
277 48 229
349 214 86
577 30 177
65 281 268
427 56 52
554 226 171
45 422 54
562 375 224
579 438 144
534 491 114
469 183 230
453 405 127
8 269 286
543 207 69
55 49 40
423 475 57
347 392 21
369 369 40
413 235 115
531 184 87
218 525 255
538 266 8
488 274 242
341 232 145
346 159 194
536 582 69
239 344 115
237 1 231
24 286 120
250 232 173
382 450 44
569 276 272
577 51 51
269 392 141
168 154 228
116 562 38
283 89 52
385 326 31
143 222 167
136 472 38
186 141 32
177 126 89
433 575 28
251 259 118
174 427 138
128 415 128
79 113 112
119 498 128
160 513 200
488 64 137
207 251 40
376 428 134
237 148 135
21 272 269
197 318 81
272 446 57
452 397 282
465 389 255
219 549 207
195 324 243
516 531 259
266 323 268
141 432 250
464 453 273
460 522 170
299 209 153
424 76 261
535 413 253
558 47 128
382 243 71
270 46 102
281 184 239
7 198 3
466 77 282
28 537 11
364 123 187
434 420 80
188 370 76
459 215 13
438 469 74
285 26 104
536 307 145
524 314 22
232 68 147
520 553 221
33 332 279
341 53 117
12 241 278
553 572 157
100 426 207
219 583 117
385 534 116
150 346 178
570 578 263
482 385 44
218 291 260
78 47 187
230 516 56
167 356 118
192 457 211
101 91 114
36 348 188
151 370 106
325 355 131
109 252 270
447 343 209
276 421 136
158 67 131
282 106 270
138 298 259
419 399 188
114 308 112
88 331 210
535 71 194
135 53 197
248 372 147
524 63 15
134 221 211
260 376 137
29 514 209
256 348 84
446 335 122
399 423 163
138 245 95
105 380 180
196 500 155
173 311 264
315 445 126
525 577 42
256 22 162
157 278 82
330 11 223
98 410 158
70 421 9
113 398 169
81 9 30
421 182 95
239 497 190
150 309 140
438 437 214
526 467 72
378 84 194
437 183 92
334 125 285
349 238 59
159 191 195
341 27 240
122 138 210
477 288 7
111 141 78
352 540 31
158 333 226
103 186 186
330 520 74
266 284 277
14 315 51
357 529 151
296 66 257
477 415 172
383 526 261
141 165 40
366 323 223
547 298 124
327 44 177
231 182 101
246 196 47
451 553 63
556 137 212
85 29 115
488 284 174
320 425 1
106 78 270
226 41 265
404 240 80
390 471 276
75 4 53
404 456 141
93 299 214
433 256 158
475 160 287
331 352 81
353 458 169
570 557 163
43 376 265
475 53 242
503 0 78
15 405 102
81 498 173
155 346 257
259 108 217
520 440 23
36 80 7
215 65 69
180 565 73
384 455 131
475 246 86
443 261 260
153 342 101
163 370 129
301 44 151
471 564 34
536 15 39
346 103 176
1 283 95
32 82 151
116 430 54
201 160 133
563 313 220
253 348 239
161 521 40
178 407 217
506 230 237
330 449 268
218 450 182
544 482 228
156 470 65
13 87 15
4 65 213
210 319 199
328 480 248
235 530 251
122 324 233
24 69 200
358 159 190
390 119 276
376 275 5
208 160 32
528 37 49
120 247 124
390 447 110
139 98 144
39 220 259
170 116 203
37 474 120
226 279 138
312 70 84
156 150 13
543 94 57
411 86 129
13 476 160
425 487 191
197 399 115
293 569 185
330 479 53
526 120 225
129 305 22
463 333 92
373 291 160
320 118 131
386 3 203
315 428 42
469 497 158
3 77 200
365 407 61
361 221 239
50 350 85
395 228 205
50 17 31
383 209 165
547 468 163
18 198 118
561 82 144
205 542 238
290 195 5
270 556 116
242 21 158
519 289 167
416 211 173
19 9 233
326 429 151
51 447 72
76 295 203
471 500 61
487 77 106
197 347 84
128 461 236
409 395 245
205 98 219
348 118 11
243 444 43
478 367 227
326 315 5
128 202 103
345 104 137
300 301 154
98 429 83
375 125 43
355 202 189
547 550 246
492 80 119
409 558 231
60 171 85
134 172 148
452 517 59
262 105 83
292 75 76
199 450 148
373 93 206
188 512 117
579 419 96
115 115 280
19 175 155
238 309 234
74 48 254
471 310 28
584 18 240
413 89 220
367 462 212
395 522 144
517 388 43
135 504 212
55 395 2
146 48 278
282 579 267
350 337 74
267 208 146
259 36 274
574 275 193
397 85 77
19 475 155
517 482 288
545 537 75
291 98 185
90 380 198
522 17 125
95 284 81
14 416 110
151 405 68
36 90 162
444 566 216
71 371 19
73 331 143
14 495 159
331 0 271
58 523 163
121 490 125
393 376 104
572 527 288
314 436 14
13 167 26
59 238 42
130 184 274
25 70 125
18 401 149
392 459 28
71 581 113
491 261 258
157 248 139
228 434 240
262 319 6
149 250 210
407 380 247
411 405 177
326 424 169
241 103 147
423 174 203
510 537 143
388 109 61
538 338 27
82 472 217
123 493 233
402 315 92
280 141 231
100 339 208
321 580 278
289 418 38
253 215 131
478 19 111
111 557 233
178 512 220
436 50 98
360 324 169
537 19 123
534 576 71
114 312 144
382 17 96
112 270 6
380 36 134
172 19 35
174 197 224
520 48 124
61 281 237
374 233 210
243 54 220
324 168 144
401 550 98
183 78 9
180 458 3
69 502 142
515 548 161
175 355 245
342 416 28
120 77 202
502 192 90
290 517 176
262 205 187
124 388 112
256 440 99
296 509 259
227 311 225
355 358 201
403 115 25
148 107 94
582 24 271
29 186 28
557 449 61
9 573 206
453 116 114
185 284 242
419 511 287
488 281 211
327 99 124
454 247 261
73 245 250
342 146 1
542 118 228
363 0 153
443 453 77
379 54 279
112 345 25
156 121 28
558 320 258
363 62 126
148 7 128
85 349 62
80 307 73
397 85 55
116 528 120
537 195 76
71 307 166
574 463 30
187 308 129
357 544 213
190 107 68
139 192 256
107 144 207
65 541 258
23 530 32
178 482 226
388 425 191
230 286 198
65 474 182
220 246 236
438 436 69
535 448 191
524 555 20
108 492 43
233 515 139
302 565 77
566 368 153
424 470 67
160 535 141
77 43 49
537 353 208
520 303 164
438 114 239
501 222 214
521 456 128
357 45 102
91 27 195
122 323 7
439 484 118
61 433 91
386 257 107
434 64 266
218 503 193
556 419 126
89 227 277
136 0 94
164 548 126
433 85 208
459 396 279
435 457 213
327 130 231
571 437 109
406 527 24
355 370 12
398 459 83
185 11 70
17 47 66
333 352 192
387 226 224
213 534 286
343 148 137
146 6 276
14 412 284
384 54 92
461 325 192
181 510 159
485 399 47
40 147 69
264 406 246
172 491 66
410 250 220
193 396 216
157 282 11
191 82 92
467 543 0
33 139 273
67 497 145
21 537 2
327 88 52
146 261 8
500 543 66
288 151 133
83 180 28
291 243 50
297 125 211
171 31 288
299 555 58
241 576 140
330 318 158
569 465 13
258 252 283
69 540 213
277 39 79
54 202 149
370 499 208
59 542 171
217 256 165
287 369 223
309 571 152
292 555 152
407 229 13
481 298 216
120 447 100
397 373 245
331 158 175
391 90 134
354 307 119
288 467 259
213 191 248
456 355 138
324 50 214
443 531 266
518 523 86
376 335 12
436 539 60
282 345 167
85 572 5
16 275 215
316 488 45
474 231 223
146 555 177
503 414 175
446 219 122
252 468 83
303 319 206
512 17 99
99 559 226
578 576 152
354 179 84
65 69 175
132 215 284
249 5 118
312 452 185
186 576 260
267 294 4
302 93 177
97 192 37
465 185 270
394 411 275
227 477 285
35 24 130
398 146 25
463 330 235
34 516 263
201 70 89
431 372 81
94 470 84
316 222 133
401 31 105
537 130 76
158 165 237
578 564 198
163 314 118
200 348 102
100 421 235
166 267 121
454 361 137
93 549 233
45 237 238
153 190 251
281 348 125
306 213 159
348 377 180
264 449 65
569 550 58
231 3 147
265 329 251
185 422 65
198 340 185
243 493 285
291 190 35
376 368 149
440 3 69
105 268 30
118 124 262
552 355 270
83 35 121
433 92 173
163 291 285
130 534 254
159 112 139
408 488 194
285 215 277
412 320 263
275 310 206
560 277 81
263 361 254
424 81 1
295 244 109
377 246 248
496 405 68
92 100 248
513 386 85
353 85 21
332 360 119
436 207 131
181 470 187
419 182 246
165 349 83
201 141 157
59 53 155
487 17 110
233 403 157
66 171 89
220 375 196
100 226 156
129 280 208
519 114 196
405 279 278
408 353 139
73 412 66
15 186 150
57 291 16
486 358 218
286 578 143
319 550 275
101 94 94
98 485 162
405 306 142
348 1 158
433 74 150
442 89 172
469 147 194
186 505 287
74 206 164
210 525 235
444 499 49
373 469 83
288 290 277
355 53 130
318 486 58
438 216 218
31 100 119
43 287 211
286 233 259
394 315 169
467 174 80
507 547 200
448 123 126
566 478 152
558 84 92
40 394 14
68 425 52
115 468 221
539 41 155
456 435 243
314 318 206
415 112 108
529 432 110
219 286 30
420 259 43
395 171 251
128 111 274
291 98 275
156 52 248
127 509 35
413 110 178
288 398 142
455 342 288
160 433 0
344 141 24
483 536 80
432 536 124
92 243 261
221 271 100
264 398 194
157 226 112
240 387 225
307 129 134
222 290 257
423 506 163
171 404 220
547 123 119
577 216 235
578 309 173
504 573 74
353 17 195
57 129 160
287 309 29
146 531 235
311 242 193
488 285 222
32 119 7
112 568 81
435 562 151
316 353 143
11 578 106
262 51 188
314 338 254
496 357 284
383 540 247
63 443 167
20 347 124
228 459 227
396 181 136
416 498 244
297 381 145
68 58 228
553 373 150
177 284 44
204 540 136
346 475 21
187 495 197
20 10 197
549 406 242
214 238 196
360 407 133
371 347 266
434 187 122
122 364 38
39 441 250
496 74 27
555 133 206
377 153 180
74 574 28
80 203 179
328 435 192
372 222 156
347 528 277
110 65 207
487 104 232
361 472 275
455 314 212
3 107 150
146 181 42
567 133 282
514 333 256
283 120 76
271 340 279
447 322 139
275 224 252
415 1 170
45 328 206
393 331 234
309 349 159
87 332 207
69 133 282
486 416 210
284 559 240
153 294 218
544 441 168
454 143 31
580 188 126
435 453 77
398 178 30
285 137 31
178 206 243
403 564 258
36 263 249
9 416 184
305 247 255
240 116 126
48 111 58
184 419 213
524 104 207
44 389 34
224 439 267
81 258 288
225 294 187
216 304 213
44 24 211
57 136 127
342 56 129
102 112 117
315 52 17
579 553 265
395 64 191
417 145 47
291 371 59
301 2 142
142 504 239
102 433 226
179 190 102
112 164 25
463 480 41
462 474 196
9 156 198
580 573 289
240 152 161
66 453 47
196 467 114
94 441 33
128 493 224
218 20 127
420 483 249
547 232 213
513 241 37
544 109 265
136 221 32
555 287 78
136 355 32
221 449 105
155 577 117
151 210 197
311 45 139
367 464 267
55 393 232
28 352 224
318 488 275
175 331 136
485 467 257
549 561 261
341 131 82
170 282 130
475 8 106
94 247 69
403 303 198
368 203 75
314 521 7
481 111 154
350 468 239
446 304 101
278 60 49
102 230 31
136 578 127
544 87 17
247 362 176
343 145 73
207 331 233
431 227 120
273 449 72
454 310 105
27 3 65
315 105 36
173 113 217
39 73 147
24 320 76
185 79 270
91 158 27
391 461 192
88 149 39
254 475 103
138 502 27
540 233 203
3 406 175
500 317 19
372 213 96
22 398 3
274 490 108
272 168 110
498 128 147
4 382 166
277 393 254
425 348 151
94 223 197
334 139 179
61 383 130
438 405 212
309 551 189
210 239 3
572 152 66
370 28 144
187 177 17
378 18 74
217 112 29
334 446 82
55 380 88
117 233 109
450 543 105
560 40 121
253 28 25
75 398 147
151 457 8
35 122 202
139 339 56
10 545 7
349 15 89
487 5 90
317 455 290
113 431 213
21 556 244
81 503 206
41 69 283
179 561 95
335 116 135
476 583 242
478 220 29
275 122 209
177 311 86
38 424 158
524 445 88
325 398 265
396 440 235
340 491 273
407 114 179
228 462 258
338 227 7
464 374 67
10 551 255
469 4 92
60 400 253
208 140 193
275 409 45
283 164 109
139 571 2
112 86 73
540 425 21
475 304 227
532 187 197
315 528 207
394 460 176
206 84 58
417 231 42
482 386 103
198 525 46
28 52 280
192 464 157
126 354 14
306 173 59
453 488 55
476 170 176
314 376 203
165 208 109
425 563 129
265 48 229
548 77 279
332 269 263
542 268 154
343 446 37
203 314 149
6 205 276
141 520 87
233 557 66
555 398 212
551 535 66
30 370 197
475 117 94
343 531 55
310 289 15
578 364 154
493 242 65
579 384 231
328 489 126
157 459 69
550 425 179
278 327 162
540 218 39
358 433 210
445 158 155
265 23 159
399 517 19
154 511 170
173 254 232
293 411 6
97 248 207
309 398 186
305 225 192
291 584 212
224 316 75
318 453 128
191 267 211
179 294 1
551 467 201
114 47 245
137 145 55
457 326 279
391 46 192
544 210 195
545 306 52
448 496 22
503 559 291
362 154 1
147 120 275
186 107 70
381 244 41
239 573 43
367 379 239
136 338 67
361 170 30
189 491 283
470 409 93
306 187 64
307 206 58
191 393 14
123 61 215
71 300 8
346 539 131
82 548 210
357 324 147
353 386 19
260 143 246
13 321 130
506 44 272
406 235 274
541 230 89
79 302 48
190 63 123
95 17 229
83 246 253
242 14 232
306 146 204
67 31 135
472 537 12
499 358 126
333 186 254
101 137 115
40 327 44
519 295 280
248 378 258
302 492 40
28 86 201
355 25 203
547 498 141
69 412 27
156 32 181
17 133 204
51 46 86
478 437 268
336 101 52
441 275 184
431 175 85
440 531 261
480 365 289
472 306 102
567 463 282
392 480 12
226 403 215
387 296 106
131 48 239
253 361 235
154 207 67
142 62 198
155 542 196
81 302 57
291 284 184
405 548 263
68 189 102
234 449 52
253 580 55
244 120 77
511 146 191
368 288 257
43 315 204
540 268 172
173 431 156
270 252 47
133 320 47
272 555 244
580 95 290
222 339 237
226 265 270
309 505 149
454 420 153
429 375 261
578 549 269
427 106 198
568 111 28
313 384 267
508 251 145
441 473 178
367 571 0
439 295 280
214 165 30
177 466 16
409 460 2
487 174 173
232 157 176
169 470 162
534 265 119
280 579 119
494 361 238
133 215 53
405 301 128
384 479 83
26 303 59
217 205 228
386 437 21
82 478 102
33 299 82
108 580 253
71 361 284
477 494 105
9 186 174
35 571 43
71 12 234
310 102 172
267 360 23
124 442 107
452 348 125
461 456 189
335 399 201
443 291 147
180 173 273
91 80 59
481 151 57
4 334 268
189 473 281
226 12 258
486 465 68
3 213 91
557 420 154
302 278 219
414 331 0
0 294 225
284 191 84
325 195 222
468 257 267
387 355 225
35 256 213
488 259 282
99 103 101
109 278 232
282 107 195
44 564 164
343 264 167
80 461 130
280 217 208
239 19 148
211 511 43
520 286 0
0 385 226
358 494 29
281 191 124
535 107 202
370 450 13
397 531 198
34 98 134
385 209 102
378 421 68
171 356 100
96 229 273
124 459 141
430 27 232
2 434 205
267 219 27
83 31 25
233 522 130
142 194 25
400 573 228
583 31 44
468 127 46
24 123 44
75 425 222
189 428 223
410 110 195
369 194 275
274 299 7
21 313 201
106 128 96
483 127 43
47 467 44
297 491 15
293 438 263
316 42 67
188 453 197
152 109 67
19 256 167
408 277 32
279 383 39
138 282 274
29 201 253
47 499 218
60 207 33
499 396 192
68 456 55
461 480 169
206 499 8
251 323 270
24 17 87
510 28 289
411 57 12
65 561 177
211 493 244
83 408 144
582 348 84
236 96 242
584 303 3
19 426 265
188 450 45
155 247 24
405 530 245
143 468 152
380 551 37
111 49 162
111 46 286
567 282 40
333 282 58
14 173 168
347 361 126
113 516 247
491 208 239
214 351 14
497 18 114
104 2 266
576 113 60
227 552 153
559 300 97
481 187 193
244 534 143
329 519 2
533 426 77
555 55 54
332 424 128
204 529 234
582 520 209
421 162 137
415 8 228
106 489 194
427 148 8
396 349 6
297 170 214
278 12 261
25 345 284
376 549 43
16 418 236
226 254 291
403 85 246
168 63 129
119 363 122
477 174 61
57 343 160
190 36 90
123 62 142
480 310 122
68 199 4
176 425 141
191 244 69
343 412 193
143 403 107
91 296 230
389 353 287
16 415 49
369 410 137
481 177 95
302 117 158
83 166 227
576 357 114
569 572 64
498 130 239
332 222 64
213 483 129
310 500 49
443 156 68
510 509 180
302 226 134
294 182 136
583 173 217
531 30 282
178 528 186
228 147 50
447 233 227
305 543 262
451 273 245
423 198 43
316 500 53
454 81 265
46 536 220
452 354 2
132 404 65
528 505 240
433 367 158
109 87 90
156 539 85
360 249 248
488 565 107
257 306 95
81 224 149
535 548 57
562 96 193
276 39 179
265 345 64
360 454 269
284 25 244
25 385 57
292 160 164
475 290 84
27 371 276
572 321 51
301 170 274
307 446 239
233 583 13
526 230 83
66 515 144
144 412 116
472 119 44
66 10 288
552 494 206
550 481 18
511 69 18
111 249 239
79 482 45
393 296 180
575 362 133
70 378 266
408 265 227
321 204 140
524 43 100
257 465 224
311 391 278
407 374 162
364 454 23
63 262 218
121 252 140
566 195 34
253 18 232
517 339 24
205 150 46
388 407 5
210 133 214
102 540 85
115 191 135
26 126 53
104 120 231
289 101 212
395 227 97
53 159 222
373 364 259
23 39 154
138 122 185
60 224 94
357 212 72
394 238 180
109 214 291
533 503 230
439 185 262
491 239 291
169 484 181
582 507 34
104 60 25
344 121 172
411 350 38
84 159 214
340 268 43
132 88 264
25 527 281
17 305 65
168 474 209
555 343 143
269 447 164
105 78 195
38 489 29
182 445 78
309 201 86
65 333 286
196 230 28
513 247 255
356 287 3
555 257 117
548 399 181
17 504 58
63 414 116
332 469 153
175 193 24
158 258 21
230 454 82
117 255 161
437 26 241
390 454 211
102 417 106
134 306 227
244 242 177
258 574 272
5 36 126
538 194 106
106 425 137
361 542 223
406 266 121
25 528 41
487 46 94
49 52 167
116 296 149
470 426 53
122 432 249
553 257 224
528 236 247
373 12 55
473 291 195
344 316 38
83 90 42
240 12 48
119 128 98
111 470 33
93 8 265
110 433 250
194 376 270
575 165 147
328 510 9
219 141 81
54 225 284
519 465 139
324 456 165
296 568 201
110 533 258
356 58 123
147 125 226
173 115 89
84 316 227
414 535 176
220 4 255
116 396 266
24 7 51
517 303 85
311 414 97
570 57 45
92 204 136
448 250 33
383 334 84
116 36 176
448 256 38
547 244 22
399 268 144
123 72 195
286 384 207
526 241 153
568 206 269
150 69 224
304 324 149
62 313 70
483 176 36
195 10 55
176 410 250
163 405 203
454 106 98
446 504 193
368 359 12
37 509 57
413 101 142
410 35 185
572 518 55
276 0 23
97 176 32
185 212 149
346 81 136
50 400 105
124 183 55
275 92 168
368 505 139
328 330 68
473 189 115
81 338 27
412 435 117
441 35 223
161 254 248
573 304 74
192 300 179
170 448 216
529 231 101
277 431 275
59 191 226
360 272 265
533 556 140
41 284 117
475 446 108
277 306 179
479 498 230
279 540 259
171 357 47
312 49 272
198 108 259
146 340 31
432 160 212
568 202 233
27 92 229
196 241 60
542 135 90
19 286 84
400 329 209
300 56 5
45 126 92
439 273 19
391 120 87
443 104 107
67 3 26
136 199 76
384 157 23
418 48 62
407 320 85
168 35 225
435 538 142
225 264 61
228 70 215
520 386 193
172 453 80
502 461 261
487 133 54
480 551 226
45 373 192
525 413 277
347 263 136
296 360 45
518 4 19
276 396 255
9 568 94
459 485 58
395 260 206
360 155 29
373 72 179
121 12 5
362 232 64
556 528 172
301 334 25
245 25 18
446 34 243
388 365 125
206 47 50
157 407 25
531 67 113
565 189 90
427 423 183
552 267 210
324 568 231
101 100 154
273 547 172
301 350 75
102 428 106
290 457 13
506 275 36
81 255 77
253 97 73
530 521 191
37 260 168
463 361 9
329 507 244
101 95 92
111 197 195
297 488 159
49 281 289
581 362 164
133 487 97
437 432 120
551 341 97
63 219 87
133 548 59
165 522 272
419 48 253
516 217 35
357 266 244
473 135 85
259 140 248
142 577 10
418 543 163
370 478 32
555 27 77
534 192 180
151 27 92
423 415 210
13 188 257
341 76 268
446 208 13
326 350 149
510 56 267
450 298 259
25 140 119
21 89 91
410 112 250
263 536 223
78 421 138
159 178 8
247 496 240
475 109 103
238 34 238
288 357 174
359 382 290
458 275 45
164 101 280
354 236 63
246 314 29
327 345 99
356 7 82
8 482 177
467 7 120
398 295 57
370 70 4
26 400 56
227 436 68
541 77 148
221 323 200
323 65 155
346 421 23
409 301 59
326 184 122
277 454 201
457 239 233
434 265 61
559 365 52
200 321 148
78 415 21
142 153 68
551 371 7
255 68 76
314 394 72
380 543 201
28 415 86
332 136 276
322 568 218
164 183 208
82 133 276
196 147 160
376 571 251
264 113 32
325 427 248
571 222 159
100 123 82
326 455 38
105 64 50
248 228 186
128 183 12
295 379 18
30 170 53
9 306 108
55 47 273
496 490 56
309 5 241
282 204 170
519 309 196
26 557 49
301 558 184
454 268 22
298 171 201
584 180 158
399 107 231
514 18 200
266 200 251
13 482 177
215 288 223
353 314 55
135 487 142
557 357 160
189 527 284
576 398 150
556 213 82
456 142 22
260 280 144
70 293 207
541 380 265
151 20 44
191 156 22
331 0 212
27 189 32
351 52 120
270 24 291
169 480 203
86 27 204
75 555 259
546 511 198
7 535 233
239 13 106
245 216 1
24 116 215
73 467 43
64 25 258
140 194 168
358 280 265
143 227 201
93 188 137
423 67 3
189 178 147
439 423 95
233 319 40
89 393 234
582 329 258
386 470 179
85 115 3
268 131 166
422 224 275
374 520 11
276 581 246
63 435 158
66 541 205
58 45 142
517 499 89
416 300 14
381 257 136
41 525 58
385 234 23
332 23 230
218 299 52
282 234 148
56 173 242
22 231 226
381 35 159
357 451 267
217 119 150
193 32 41
172 417 143
248 36 283
258 126 158
265 280 189
451 208 197
136 231 190
195 484 126
168 256 247
441 346 148
258 539 108
15 584 277
464 247 54
352 505 34
539 57 139
247 508 252
1 516 269
570 583 8
5 166 160
347 22 154
96 280 110
461 168 87
74 504 92
51 271 48
283 97 6
81 345 116
545 346 34
70 203 248
80 208 39
218 428 244
117 524 135
427 400 47
24 346 75
452 398 241
216 553 89
495 506 99
569 467 177
446 537 221
322 32 51
365 250 221
302 239 280
519 539 12
192 563 4
369 430 1
232 519 22
65 301 206
243 157 206
54 18 15
526 213 192
36 450 39
559 167 0
308 101 155
457 293 39
368 534 281
549 182 68
241 247 267
312 363 118
136 289 223
41 230 231
308 266 181
240 112 9
283 420 143
281 165 13
128 533 4
406 498 48
33 26 234
418 210 78
375 347 33
351 260 11
411 568 81
337 95 154
301 379 220
367 532 290
142 75 60
323 482 116
101 387 188
583 221 141
131 11 199
553 234 85
492 518 250
113 142 167
304 443 95
74 226 206
137 240 215
20 563 144
146 536 29
298 406 120
75 537 243
72 505 23
201 285 290
185 398 42
265 574 148
139 63 168
417 72 115
186 550 253
436 111 62
361 409 53
379 484 11
281 428 231
417 501 139
358 102 92
441 367 262
382 379 251
294 211 75
573 397 69
118 121 58
198 354 214
100 21 78
412 174 143
516 6 200
320 236 193
522 92 257
1 346 210
129 55 226
329 501 262
366 34 121
57 104 124
29 77 100
357 361 260
529 292 43
33 27 15
95 421 234
397 423 217
36 552 147
344 168 141
336 406 144
321 463 235
75 364 158
308 136 185
129 538 287
414 443 263
349 410 221
249 223 116
495 131 183
83 347 221
45 555 267
40 291 87
12 239 171
61 547 14
471 548 50
3 249 156
19 14 249
457 263 263
19 45 132
134 0 65
288 502 18
264 543 94
117 555 143
79 32 233
49 503 25
100 379 145
338 270 26
529 142 162
103 34 186
521 168 246
573 456 190
11 135 164
326 125 79
166 204 92
554 125 96
192 225 87
79 435 20
438 251 115
346 354 198
300 162 144
126 151 191
326 34 265
28 232 179
29 399 72
62 240 250
470 432 163
545 383 243
433 108 172
207 455 196
16 42 141
577 40 55
297 366 248
153 266 216
133 295 85
62 229 105
115 572 285
266 532 186
266 252 128
518 459 240
412 475 125
11 468 45
90 52 174
203 205 62
549 211 94
124 273 56
524 260 59
515 526 175
305 208 116
75 13 273
300 425 262
439 308 226
490 398 48
322 474 287
421 438 229
103 563 223
343 374 227
113 177 82
287 482 46
256 557 291
428 144 123
491 455 233
309 360 126
180 97 1
256 519 58
415 494 123
262 252 253
241 237 164
34 524 27
35 67 278
507 495 233
234 402 49
269 583 47
118 178 93
313 306 234
362 136 272
260 270 279
405 384 282
142 418 148
361 326 9
424 248 123
46 482 167
123 166 59
432 157 141
382 342 130
9 576 225
131 124 79
376 401 165
274 544 13
110 320 204
14 160 170
413 78 34
501 74 289
2 506 186
139 175 2
126 185 86
578 316 255
130 564 178
67 253 2
294 364 30
262 378 265
350 78 16
207 451 239
102 325 89
27 465 229
166 463 16
168 456 291
295 1 165
238 68 198
140 362 229
234 496 284
361 133 194
438 212 78
132 315 11
332 214 119
580 380 224
428 548 243
7 130 272
23 368 151
292 380 187
340 487 290
53 135 16
301 573 289
287 120 216
141 324 227
333 320 48
402 163 42
343 43 171
157 66 31
39 358 174
156 113 80
57 38 258
91 211 172
337 498 45
186 511 227
248 259 102
563 77 222
0 420 19
280 577 210
216 488 133
533 60 277
38 574 50
264 80 230
349 417 279
555 475 225
500 139 170
52 574 16
352 574 22
568 141 152
264 358 266
191 178 242
230 216 79
52 352 85
212 117 241
30 544 181
487 459 115
490 511 108
571 150 170
230 133 196
467 398 202
22 461 38
94 106 93
27 30 40
40 115 21
342 145 81
78 504 139
282 409 21
18 267 194
72 498 124
396 380 283
364 274 220
511 240 197
161 267 263
163 307 50
27 64 129
434 15 125
131 297 193
210 188 72
440 260 46
91 528 7
139 308 189
64 234 234
424 395 253
357 430 283
406 329 274
471 179 98
456 182 178
265 392 283
213 120 15
75 211 153
316 350 285
119 286 189
33 125 218
343 355 121
118 48 210
543 519 244
142 262 86
167 527 18
123 156 249
212 231 288
373 419 142
128 410 17
575 316 108
246 74 96
220 64 15
396 480 271
165 37 112
574 76 9
205 200 33
413 412 231
119 72 10
175 73 145
390 63 253
18 181 4
457 274 249
360 85 111
197 122 256
168 111 261
539 188 103
481 473 89
526 7 79
278 183 52
312 445 181
77 335 101
373 208 240
148 568 193
404 52 204
569 92 69
353 47 96
210 400 196
223 342 103
436 492 221
10 91 275
103 40 96
378 413 42
214 433 144
7 252 41
508 236 154
279 462 167
366 544 129
86 182 256
527 490 266
309 500 288
537 476 283
388 141 239
446 356 98
360 235 262
325 158 113
255 309 203
104 548 36
482 49 269
360 576 121
18 173 198
351 582 96
140 385 192
213 247 127
263 479 94
438 219 280
8 347 172
168 451 141
159 220 91
332 581 111
282 471 113
148 237 96
362 249 142
261 463 276
259 141 43
36 451 100
429 459 246
418 499 96
498 73 38
499 277 22
364 432 6
402 580 19
438 358 19
146 491 247
558 165 201
279 74 142
91 503 185
251 208 239
149 578 18
267 492 81
254 144 259
126 546 150
108 271 141
468 289 133
577 134 221
115 285 224
105 377 114
298 500 63
533 521 180
1 203 281
332 457 168
509 456 230
426 564 273
116 319 145
297 184 92
388 299 155
95 276 128
50 574 257
340 395 54
368 396 110
303 143 154
382 525 194
294 366 233
350 483 257
568 67 239
335 455 56
387 423 141
232 473 113
320 100 162
473 468 46
116 186 108
88 568 22
389 150 246
212 372 14
226 355 43
297 105 261
82 365 18
15 12 288
395 204 227
0 92 46
459 80 12
476 41 275
177 430 191
244 514 33
210 27 253
572 324 21
219 278 75
290 166 236
120 561 177
51 434 230
451 308 211
324 71 0
52 248 51
388 492 13
511 574 160
276 561 114
147 68 225
255 358 65
247 350 23
444 402 230
148 140 180
261 336 225
416 388 127
415 63 85
88 574 112
373 138 253
269 157 184
444 413 216
200 532 21
390 391 119
428 411 280
62 545 192
351 376 115
176 78 239
493 166 291
86 539 215
113 224 48
208 540 126
533 156 101
39 418 117
531 133 114
451 195 10
249 547 82
180 138 57
175 503 274
31 4 259
25 575 128
176 70 106
28 476 241
284 515 265
218 333 100
564 199 204
157 321 233
126 501 23
174 548 195
260 579 17
300 19 35
437 68 109
401 96 178
521 252 248
346 470 114
304 322 74
458 479 27
446 21 56
444 195 110
360 327 154
153 42 145
392 351 82
117 167 140
318 560 64
321 321 3
73 41 40
481 371 169
497 105 195
301 549 144
69 197 290
417 222 0
71 29 4
378 19 82
68 337 201
10 531 8
294 19 189
444 372 72
232 156 149
169 457 167
45 527 30
376 359 15
493 302 190
377 95 47
429 163 56
328 45 174
420 339 207
554 70 245
346 302 283
243 471 70
561 388 23
364 179 265
388 88 65
314 337 89
259 181 153
542 381 45
185 217 28
305 58 160
83 404 284
18 519 45
410 367 105
159 146 220
11 407 49
293 136 180
542 396 97
369 225 275
113 410 140
196 2 173
222 543 122
551 561 152
53 386 123
528 417 48
470 428 236
372 8 1
27 550 265
320 206 161
409 191 187
3 259 260
111 482 284
39 320 283
357 373 3
458 188 51
121 531 108
519 318 239
469 217 209
102 537 187
545 234 170
101 237 218
116 348 184
89 259 28
495 32 119
574 490 223
485 483 283
111 418 40
202 302 212
258 405 50
392 365 91
132 338 183
131 454 208
485 415 287
573 325 266
322 314 236
131 86 260
14 69 268
87 271 245
378 401 179
37 80 199
386 212 218
388 216 186
25 573 65
378 433 168
179 170 160
470 301 90
531 187 84
554 275 55
166 525 230
55 434 162
309 236 55
317 496 110
67 393 220
104 186 105
9 237 162
558 122 28
24 69 280
16 495 49
279 533 147
231 3 26
264 184 52
253 374 133
458 441 169
66 545 139
564 426 19
63 272 27
193 168 133
53 184 5
60 335 196
464 567 269
261 118 148
38 371 34
439 244 98
520 182 113
203 161 231
580 97 29
494 290 149
222 215 123
444 275 267
487 26 210
532 160 131
49 198 69
68 53 118
272 573 222
436 63 178
186 58 133
207 425 99
397 519 80
57 378 109
181 152 42
31 100 180
127 149 267
466 90 177
464 234 31
59 543 259
273 144 22
583 351 174
14 35 265
116 93 24
494 146 217
185 178 236
36 305 197
85 59 135
60 395 148
23 455 24
378 15 27
335 470 138
461 356 232
393 473 123
119 254 62
582 311 260
432 347 248
303 304 78
265 236 176
333 131 165
359 510 223
401 132 160
209 466 74
53 274 31
447 393 156
531 390 151
79 237 212
518 413 23
303 93 20
484 298 220
406 529 37
216 345 45
496 554 111
90 480 208
487 342 51
552 288 183
344 240 206
354 173 27
84 349 57
508 120 136
478 398 12
245 486 280
272 397 187
53 360 272
108 262 58
556 229 177
97 573 12
461 343 87
524 299 189
553 94 202
294 444 0
565 104 97
467 249 55
339 174 207
106 282 33
88 125 225
230 223 76
155 556 89
582 367 287