125
73 26 29
64 28 30
3 40 56
80 44 30
120 79 53
103 121 57
12 63 37
75 120 33
9 113 36
10 50 13
80 100 44
25 39 20
116 20 24
66 100 56
28 72 21
38 51 28
29 40 0
29 92 2
65 102 59
33 112 7
18 44 60
108 46 6
124 37 34
33 104 54
88 7 38
97 22 49
102 28 16
0 58 18
18 100 60
1 110 48
11 105 29
122 88 34
0 65 27
124 75 0
76 38 47
100 10 36
27 89 17
119 89 35
30 107 55
44 85 54
22 97 40
21 71 1
67 48 14
3 48 42
42 124 15
43 99 18
89 1 11
15 97 0
102 2 43
15 46 15
39 68 50
44 67 16
114 111 49
124 114 56
107 9 26
82 52 1
67 118 24
16 110 51
32 64 36
31 57 41
69 96 48
102 117 28
58 106 13
40 105 27
93 64 10
99 21 11
102 88 60
60 82 55
13 114 24
71 122 26
50 66 51
97 20 12
64 56 34
17 96 5
84 42 31
13 16 59
95 96 47
46 31 5
84 22 55
61 93 54
96 18 15
79 92 50
77 31 50
11 25 0
51 110 21
7 100 13
109 47 36
27 93 52
4 29 49
119 91 61
83 39 5
113 118 54
39 47 45
21 59 55
100 87 46
95 94 31
107 55 15
90 60 2
82 64 43
95 35 38
77 118 15
53 84 23
99 123 11
52 20 10
7 120 28
72 90 30
89 50 13
28 117 27
38 74 11
55 22 21
37 99 47
59 4 41
50 81 51
89 110 0
39 117 16
99 64 55
82 5 5
121 10 28
71 26 50
86 81 57
114 95 47
10 6 25
115 57 46
70 21 29
46 61 29
118 12 28
8 72 55
73 45 4
6 116 60
92 55 17
98 44 39
32 31 17
95 123 33
92 68 36
96 91 35
70 62 56
84 70 4
104 19 13
111 2 52
19 71 3
8 21 15
69 53 7
35 0 18
35 92 42
34 64 10
70 111 4
96 70 13
46 26 43
41 12 59
5 8 49
23 16 6
63 63 39
8 98 45
77 111 14
66 122 32
123 44 5
16 16 19
58 39 7
119 58 33
34 63 33
20 63 20
27 103 35
64 89 31
78 41 42
83 84 41
106 82 1
115 75 41
70 8 39
5 104 9
77 13 0
10 33 15
85 37 9
74 78 46
37 32 21
111 92 36
34 74 39
2 64 36
87 111 34
64 116 18
122 46 45
72 56 40
86 118 7
78 68 49
11 105 20
110 69 58
122 80 12
91 59 5
113 124 55
19 63 49
6 61 13
6 8 44
40 94 40
66 24 31
45 35 52
56 122 16
11 119 28
18 63 20
89 51 37
123 70 54
1 76 15
27 60 46
110 100 36
38 41 54
34 86 26
112 119 27
10 108 37
90 103 28
104 44 36
118 19 33
70 123 35
37 25 25
12 112 41
82 2 27
29 36 32
113 24 12
69 11 23
122 101 17
113 57 59
31 50 19
121 97 5
37 9 28
116 124 10
45 81 51
117 87 60
105 52 22
111 99 18
53 96 10
122 62 20
86 93 23
93 89 9
75 103 57
60 94 24
32 116 6
6 86 61
119 66 21
6 29 43
6 83 38
107 57 29
118 18 51
31 89 13
41 16 12
38 76 9
11 108 43
66 92 21
60 86 33
106 93 30
2 76 35
96 59 1
2 29 48
103 60 10
43 78 12
63 94 22
30 105 46
114 23 15
10 83 49
98 42 43
68 21 15
18 117 36
3 96 2
108 74 56
75 94 24
58 32 22
95 40 10
93 29 60
80 39 43
6 115 40
25 58 36
98 53 3
81 33 30
94 16 44
41 91 58
44 2 19
39 74 59
117 42 36
93 100 29
4 106 12
60 109 11
34 59 2
80 15 43
96 109 58
39 3 57
52 47 54
98 64 3
59 56 13
26 1 39
33 107 2
6 42 6
38 54 5
100 111 31
70 59 28
57 75 47
113 3 48
22 101 56
6 13 17
10 39 55
90 49 22
27 33 21
50 48 28
109 23 40
59 93 30
95 3 39
9 116 3
95 115 1
121 122 29
54 109 1
91 74 4
110 79 51
23 106 28
93 91 59
23 2 1
115 97 37
56 83 36
101 53 53
100 26 26
112 58 31
16 24 45
94 111 9
57 111 49
91 79 47
0 80 35
81 47 37
64 103 38
14 57 24
57 32 49
97 122 9
75 13 18
3 107 38
111 39 24
76 107 8
109 84 27
121 40 49
105 81 53
47 96 35
20 5 60
19 103 34
53 53 18
111 33 14
7 20 11
14 73 35
78 58 23
74 31 35
95 12 47
117 36 33
25 56 46
90 52 47
28 105 5
80 91 29
92 75 61
17 90 28
27 20 38
97 72 2
60 42 18
3 11 60
18 36 28
16 103 33
117 108 22
124 64 9
16 31 34
53 25 56
38 52 23
36 2 21
88 62 41
4 42 6
81 38 15
90 54 5
4 47 7
23 23 41
8 39 55
46 69 1
49 84 35
50 120 58
122 60 39
89 41 26
66 123 52
57 65 37
26 46 31
80 69 34
97 55 15
98 78 33
23 3 56
80 30 58
13 27 41
9 116 21
25 35 55
101 92 47
84 95 32
91 50 28
98 124 42
19 98 48
111 98 39
15 30 33
39 44 57
100 53 24
78 78 3
54 32 8
50 93 44
115 37 56
124 10 25
18 7 1
13 95 47
113 87 14
118 1 17
2 79 37
3 32 34
16 64 59
98 114 25
2 81 26
82 57 30
13 75 51
19 88 0
100 53 53
110 46 22
16 49 10
78 29 34
70 23 24
71 121 28
40 124 16
47 58 14
18 71 4
121 67 30
46 42 9
59 5 32
51 123 36
98 53 39
30 100 45
26 46 58
90 87 61
110 111 48
86 4 40
114 102 36
82 0 24
2 37 11
48 88 18
40 38 16
16 69 39
38 72 22
11 38 49
107 0 25
114 86 38
66 52 15
40 10 18
79 114 37
77 37 32
73 55 14
123 71 12
24 87 50
73 98 33
84 57 37
81 46 13
36 90 23
93 5 36
25 61 59
120 13 4
6 86 24
79 62 36
50 86 22
94 34 42
27 95 28
86 51 31
84 64 27
111 32 52
23 34 4
26 29 16
44 13 45
117 69 44
91 120 53
26 66 28
37 93 20
105 32 52
71 116 38
26 102 53
87 102 55
85 3 19
95 25 38
44 119 0
55 85 40
4 89 24
89 103 48
19 83 22
0 29 20
22 32 3
53 120 7
17 57 27
112 27 6
72 49 28
124 81 2
1 86 16
91 27 46
25 47 58
93 24 22
4 47 26
17 77 58
109 94 58
80 58 45
75 5 1
42 107 28
95 108 58
111 51 55
106 77 36
12 22 51
73 27 13
19 21 37
61 6 51
36 86 16
15 13 26
43 56 21
106 26 41
6 12 49
58 95 28
9 108 0
109 33 44
109 52 41
84 114 57
107 25 58
64 40 48
4 60 54
50 18 20
34 24 21
69 59 40
33 68 13
42 30 24
33 14 32
68 75 37
86 57 31
65 122 61
80 1 2
106 28 7
55 39 9
96 85 1
108 118 15
79 13 42
61 46 29
96 91 15
119 52 50
122 117 21
39 49 17
119 30 57
92 63 58
66 34 5
123 17 50
78 74 4
62 10 34
61 106 59
9 78 8
117 75 3
97 114 26
32 85 7
121 29 29
78 96 49
18 71 45
77 1 31
1 64 27
96 0 9
9 111 9
99 104 57
33 53 30
40 63 56
31 36 14
108 114 37
71 7 4
29 62 47
61 63 28
104 12 34
105 123 21
82 75 34
111 108 32
83 23 33
39 31 30
2 14 19
37 63 4
19 92 36
3 6 53
50 110 28
75 90 20
63 24 34
30 112 11
27 70 39
88 87 61
36 89 44
99 1 34
44 123 14
28 1 14
75 51 59
112 103 34
124 41 10
86 48 40
31 76 35
102 16 46
80 52 24
49 26 6
81 47 57
34 75 38
17 26 38
63 115 28
75 91 31
87 29 17
87 60 20
32 15 7
41 95 11
116 19 48
67 77 0
119 111 23
46 105 46
2 44 35
62 119 8
15 81 61
16 20 16
71 29 35
118 70 52
93 61 49
72 106 58
75 100 33
28 21 48
8 24 35
56 63 31
71 55 44
91 48 54
24 96 30
97 90 18
15 58 42
31 107 42
124 57 17
79 86 0
116 71 28
49 104 4
101 27 23
86 119 38
92 120 7
105 93 58
63 85 20
59 117 61
37 116 57
91 47 31
19 15 29
73 64 19
65 40 12
112 104 5
60 71 14
2 28 9
11 91 40
55 3 31
59 40 44
121 108 43
97 3 18
43 76 0
47 17 20
101 106 61
104 41 51
0 20 22
91 8 50
17 41 55
61 77 15
73 50 10
7 23 35
59 43 56
51 90 16
83 43 0
71 22 41
107 124 24
47 90 5
79 85 4
90 123 20
17 48 45
29 32 50
21 92 60
89 120 36
27 55 49
48 1 39
110 108 24
22 31 7
68 87 30
6 52 58
22 46 13
66 52 61
7 73 31
117 38 48
43 42 6
13 90 26
6 52 35
123 75 54
57 18 9
54 1 14
48 1 21
68 67 42
120 74 44
14 43 25
5 87 1
51 100 30
98 106 32
105 81 28
98 14 22
52 45 20
59 70 41
67 13 4
2 8 24
10 124 30
11 4 2
53 55 45
61 5 13
121 88 56
108 61 54
113 113 38
96 25 0
81 92 21
7 94 30
110 81 60
7 92 35
92 123 19
28 59 38
25 32 3
1 15 30
70 105 1
59 53 55
118 9 24
43 17 14
79 2 1
114 111 14
28 79 51
77 84 17
30 109 8
47 87 48
1 32 35
68 68 51
35 62 13
71 82 46
53 36 50
93 25 57
101 31 2
84 108 56
1 115 44
52 38 22
118 16 42
16 84 16
70 96 6
8 19 33
88 72 60
124 17 29
45 96 32
124 55 24
61 34 47
61 86 37
23 57 25
18 73 10
59 120 49
13 3 40
50 68 57
124 68 39
75 90 59
80 90 48
22 3 16
80 64 37
51 87 32
15 83 36
63 119 37
59 109 46
97 35 47
36 11 26
118 86 42
45 18 30
28 40 49
124 121 15
80 24 12
69 17 21
7 80 52
43 15 52
59 89 51
41 1 44
46 119 2
39 16 15
76 22 43
116 21 10
95 101 15
115 23 16
117 7 23
66 50 24
23 109 59
117 3 56
97 49 55
15 65 53
99 118 35
53 109 17
2 56 33
78 46 55
46 15 53
72 82 5
112 82 15
117 52 5
77 24 2
31 40 48
2 116 43
96 21 40
87 1 48
55 79 19
22 103 38
122 50 28
0 14 41
89 109 5
33 61 26
26 93 39
61 72 59
89 43 7
78 6 12
123 38 29
66 37 11
2 12 39
122 12 16
75 78 58
79 111 39
85 114 11
108 27 29
100 116 1
11 46 5
2 21 13
72 64 12
121 67 60
48 41 34
115 116 11
41 48 54
6 110 41
63 71 20
45 46 32
70 34 55
78 36 9
101 108 42
36 104 1
109 5 38
22 120 8
14 37 39
116 20 33
37 83 26
7 3 13
48 73 3
32 3 6
117 104 52
39 118 25
5 79 28
114 101 13
90 115 35
68 84 10
32 121 9
66 105 1
22 28 47
11 38 30
37 30 19
23 69 30
113 51 57
84 40 15
27 108 32
109 28 42
86 60 20
21 2 51
62 1 40
29 12 40
101 26 2
27 49 28
49 38 53
24 99 56
78 1 44
123 87 50
103 48 51
57 69 4
14 109 49
101 115 1
102 91 56
109 118 12
61 42 22
63 44 52
83 122 49
63 120 48
72 76 55
118 8 20
41 124 5
90 77 56
105 31 15
22 16 29
114 77 0
72 15 48
5 76 60
63 14 10
61 63 61
83 56 44
50 97 10
1 39 61
44 122 51
53 19 41
33 110 0
32 58 39
75 63 31
115 103 16
3 16 45
69 100 43
120 25 14
45 4 9
25 25 24
36 56 51
63 89 44
19 121 20
115 48 34
38 38 5
54 19 47
8 65 26
19 61 22
105 83 41
82 85 15
56 121 16
49 36 16
5 55 9
19 46 43
96 61 52
4 92 49
30 100 27
31 120 33
57 100 9
42 57 20
52 113 49
118 14 17
0 20 42
3 39 43
31 113 51
97 94 16
35 124 44
38 30 57
102 64 4
78 106 20
15 10 61
74 3 54
21 3 44
23 108 53
49 14 46
112 112 33
18 22 57
24 60 20
2 14 6
80 69 54
67 85 53
19 34 19
110 32 30
74 55 31
54 81 61
22 69 54
61 64 53
76 65 25
121 67 1
105 22 53
25 89 12
81 108 50
15 70 60
54 19 20
77 50 39
115 72 39
116 110 37
15 61 11
52 57 22
104 15 8
100 40 53
33 121 26
0 113 45
124 43 30
30 120 32
120 110 35
29 102 6
104 94 4
119 21 49
76 102 19
32 77 32
54 110 16
36 87 50
89 63 37
36 71 10
10 66 28
34 96 20
44 52 40
69 47 47
49 100 46
124 8 24
114 39 57
77 76 7
52 40 58
47 53 41
15 40 61
93 75 30
0 96 47
103 40 60
102 66 27
56 42 19
65 31 25
36 109 10
117 13 14
114 38 5
34 53 15
44 21 14
1 123 8
113 101 3
45 55 43
55 89 24
49 6 42
83 42 46
45 11 26
24 103 18
56 12 30
106 56 30
105 35 38
53 23 28
17 46 50
48 78 19
99 104 24
56 63 58
122 85 0
53 110 35
23 41 16
45 22 1
66 105 24
61 33 4
33 50 0
37 76 38
5 50 13
81 106 13
74 80 42
78 8 55
61 31 53
56 77 55
61 120 6
102 33 45
41 43 45
105 57 52
122 39 24
118 120 5
30 69 37
27 23 21
111 61 38
111 94 54
111 30 37
91 7 26
81 25 44
122 107 21
90 104 34
109 75 45
85 82 48
17 109 47
82 72 9
53 58 16
56 45 6
53 113 60
61 70 60
113 67 4
74 32 54
74 16 36
70 102 26
113 96 2
30 53 19
9 83 6
58 14 15
13 45 54
78 106 41
43 71 22
92 122 45
121 72 14
54 119 55
92 84 18
91 92 48
14 78 55
121 11 35
22 25 24
37 103 44
99 123 19
103 90 24
15 64 37
45 118 37
29 63 7
86 6 60
71 21 17
14 17 19
74 39 5
54 54 36
118 28 48
105 7 41
89 124 10
123 21 49
26 27 61
13 113 44
93 59 22
102 73 57
21 23 43
44 54 31
45 24 0
44 106 35
88 48 51
93 46 4
46 49 9
85 39 22
85 7 27
3 87 16
18 108 25
49 5 14
9 50 31
99 72 25
49 35 26
122 105 5
69 27 59
65 89 12
27 49 45
47 30 53
16 25 53
87 74 49
88 83 13
90 57 58
50 83 35
59 81 19
113 25 56
46 67 17
41 94 12
20 119 0
64 112 35
91 75 34
100 38 32
34 105 25
41 30 50
36 89 31
35 55 35
38 101 9
6 17 35
102 14 15
1 78 25
27 21 27
2 121 37
37 31 22
4 49 4
32 85 10
16 98 41
2 11 36
33 119 3
10 96 50
106 74 45
87 78 37
121 80 15
44 94 52
50 76 20
86 108 19
63 102 1
96 81 20
104 91 35
84 101 52
78 82 13
2 22 9
73 120 14
118 16 58
45 66 40
22 4 12
61 68 4
96 39 47
96 120 30
91 79 46
58 32 46
76 35 56
47 85 38
99 78 33
98 124 61
47 123 2
82 59 52
71 7 2
17 103 15
31 70 29
21 105 32
94 56 8
41 103 50
108 55 53
44 5 4
46 52 48
52 112 16
104 35 31
69 52 49
30 60 44
71 82 6
121 51 6
58 70 54
80 53 39
10 97 16
64 18 25
116 48 17
79 27 58
49 96 6
123 2 17
118 50 10
71 46 29
79 81 7
43 13 42
39 24 42
40 65 10
94 34 3
88 113 16
118 15 49
53 115 54
71 85 0
23 31 41
3 88 59
77 6 45
33 23 47
86 63 9
10 9 40
107 98 30
106 68 9
54 121 23
105 44 58
105 67 58
104 71 26
60 0 16
29 33 6
101 119 8
11 107 48
58 89 17
70 48 35
120 79 41
12 59 56
91 39 22
100 19 34
49 56 31
107 85 57
62 61 31
81 49 22
87 107 33
65 52 15
89 24 19
110 13 36
27 105 1
11 57 19
44 84 25
76 66 2
119 105 55
8 62 8
106 24 24
66 66 11
52 8 32
93 95 52
92 122 4
85 8 6
96 52 23
39 4 5
43 100 21
86 85 14
53 66 33
104 7 33
60 36 44
18 5 49
91 74 40
19 34 40
83 108 18
107 22 5
71 42 60
118 105 26
102 33 47