609
67 518 12
538 334 142
386 359 300
607 472 282
143 135 160
570 469 34
543 180 23
293 290 67
104 301 288
337 384 158
595 451 209
323 380 123
196 324 84
574 322 17
311 22 208
348 592 37
39 83 276
318 376 28
82 481 15
115 375 3
42 361 242
44 75 86
381 438 156
24 569 293
306 272 128
114 177 120
558 383 106
573 92 12
103 174 33
267 289 190
372 497 44
153 542 245
38 314 25
246 338 292
168 202 127
277 316 26
536 265 8
268 229 128
543 499 134
247 323 41
327 87 9
159 406 262
398 444 28
467 248 287
496 582 145
354 250 114
389 177 262
365 3 243
432 546 132
231 351 232
320 69 275
463 394 183
373 183 73
320 207 103
605 94 278
484 448 135
70 395 97
253 317 272
57 140 96
360 538 225
544 249 210
371 103 143
439 33 237
66 353 263
549 349 159
231 390 102
495 17 117
327 271 213
329 328 230
434 246 303
281 181 185
197 552 173
230 549 273
446 6 177
261 555 205
171 343 181
252 395 253
119 114 42
469 0 127
516 434 65
493 106 56
109 469 120
604 90 135
522 536 175
351 189 55
86 526 55
211 169 52
354 454 97
159 480 206
459 387 171
395 271 233
70 547 282
463 99 173
187 12 176
83 529 217
91 6 184
0 218 195
305 572 47
280 289 289
90 139 255
499 91 250
406 327 154
338 181 173
361 368 276
311 8 34
450 100 274
63 100 299
11 571 26
413 243 136
520 499 165
128 389 178
8 352 233
601 248 160
75 0 112
337 311 246
353 318 27
541 381 118
339 392 266
266 196 282
482 273 100
394 567 180
397 133 146
285 125 26
355 367 265
184 95 143
187 5 197
291 103 19
218 608 108
550 265 207
74 138 45
96 532 166
231 487 227
553 163 94
236 518 245
363 259 76
357 447 229
504 295 67
145 70 224
179 11 88
408 251 145
25 514 258
43 136 300
360 246 216
193 483 200
560 403 42
578 151 22
159 212 167
452 358 3
135 537 69
84 502 102
338 84 188
72 293 203
459 44 4
400 404 227
251 521 225
528 47 174
199 206 254
332 49 214
534 185 146
305 435 274
494 330 34
144 568 218
540 584 155
131 376 229
370 184 125
404 103 208
312 469 130
266 358 264
136 283 225
265 146 101
288 197 71
396 341 71
354 273 99
356 404 82
320 331 236
361 292 13
450 604 58
137 428 235
39 121 259
458 386 216
537 66 208
61 19 136
154 373 202
388 120 123
223 606 126
408 359 118
88 200 303
569 337 9
24 542 74
95 391 37
311 486 171
116 104 223
262 424 123
238 203 298
175 592 131
443 392 18
561 37 199
66 607 214
607 188 21
218 283 151
49 595 112
112 102 279
194 530 133
40 325 75
172 500 221
302 500 166
348 453 259
429 519 271
570 74 117
201 458 71
224 507 47
290 176 269
461 536 265
4 576 237
359 306 36
89 608 77
211 348 205
537 334 100
251 461 91
320 53 254
507 444 32
236 125 222
234 143 133
152 147 210
562 64 142
419 153 76
168 531 31
370 16 206
39 433 255
558 145 168
483 43 127
306 445 244
472 70 176
123 223 86
350 342 67
274 152 4
363 321 110
358 82 37
243 288 40
147 403 253
104 277 155
505 140 98
422 170 78
40 293 42
581 34 243
576 474 126
282 228 103
76 143 59
495 553 111
130 91 30
75 195 102
230 91 56
221 70 97
282 111 71
124 249 204
473 216 14
200 56 201
580 132 190
434 19 202
298 315 189
400 390 15
501 177 159
134 398 257
546 238 182
199 362 36
52 226 207
213 593 90
326 121 115
582 112 32
339 411 169
353 368 204
119 260 291
142 395 258
401 498 166
163 255 74
339 307 209
123 78 138
129 404 268
102 543 33
425 439 170
289 349 117
266 25 281
254 333 125
198 125 34
546 454 112
38 185 275
532 308 216
566 438 153
113 97 4
382 522 243
9 368 163
5 25 99
261 446 226
303 201 209
400 139 216
144 177 298
195 266 70
324 224 231
414 337 0
438 276 2
292 286 149
52 291 7
280 552 218
398 412 96
32 203 128
121 347 100
561 542 236
92 257 52
226 228 152
15 57 248
492 349 224
119 401 229
547 238 224
203 27 62
227 226 98
389 513 123
286 466 142
450 558 49
228 341 15
510 522 42
17 571 87
252 248 7
502 186 207
85 556 31
524 340 282
280 120 280
217 407 34
420 248 191
272 33 118
352 544 89
46 118 136
90 536 106
93 429 22
500 515 101
491 596 136
100 267 271
222 41 31
201 462 228
295 125 35
121 34 211
27 80 93
339 337 225
455 596 246
315 487 59
122 535 79
269 26 68
94 248 197
325 449 273
362 135 73
266 257 220
437 284 149
117 180 250
333 193 259
370 508 63
479 22 13
575 457 105
495 108 25
457 600 113
437 353 286
100 176 24
405 170 72
348 287 261
185 11 91
175 548 208
43 418 120
447 385 267
434 271 26
503 119 19
579 557 203
182 48 5
207 10 244
74 525 133
122 267 185
362 443 87
59 486 170
553 490 224
287 315 29
295 210 104
460 346 113
369 85 146
177 293 119
598 533 198
254 46 41
87 575 226
469 191 176
217 136 258
184 589 239
588 441 178
503 292 188
532 218 282
166 395 150
586 550 232
312 361 132
306 5 295
134 31 1
6 248 9
368 432 267
436 578 225
438 472 190
177 562 61
1 119 179
285 262 180
493 575 197
304 272 111
82 407 27
51 579 129
488 338 3
130 331 29
545 160 7
34 337 35
516 505 275
341 181 237
107 65 153
400 369 48
89 8 179
585 225 115
112 104 130
237 400 143
331 336 62
454 370 57
365 277 140
118 175 173
133 282 68
115 239 278
535 495 185
310 471 112
55 140 82
304 543 44
109 265 253
241 111 277
268 33 191
190 317 192
460 450 154
185 122 4
446 214 124
273 524 269
159 136 250
481 440 116
429 107 170
437 348 162
206 173 128
418 530 39
197 381 164
425 123 34
283 570 31
27 234 48
574 559 198
487 431 37
58 418 299
337 246 150
450 452 257
596 261 199
7 16 118
477 441 114
461 281 162
217 474 127
497 439 169
470 484 35
275 542 104
187 436 38
5 277 82
162 430 155
240 437 146
256 305 209
395 324 44
496 98 95
387 595 40
229 13 128
59 455 156
307 199 38
192 370 208
86 532 234
241 329 123
579 585 71
305 372 113
479 425 280
517 203 28
386 598 180
296 214 148
305 521 247
141 104 21
420 190 45
520 598 200
5 125 10
571 430 231
242 466 113
12 375 88
99 152 20
200 6 282
147 311 80
460 10 46
368 430 276
365 508 15
249 513 33
110 475 236
342 275 59
114 453 223
89 552 176
219 144 45
564 457 290
213 308 38
132 233 137
573 156 196
229 405 66
175 515 108
109 415 178
344 529 221
510 9 281
386 228 251
268 184 263
185 563 275
554 252 22
468 216 172
115 445 285
608 178 101
358 287 186
383 188 14
252 256 9
230 33 191
353 468 251
324 44 269
160 155 3
230 15 50
456 296 104
479 295 216
574 210 46
475 593 244
462 236 155
458 24 275
405 377 40
537 92 29
179 252 24
74 483 131
185 330 290
298 366 246
147 331 125
283 363 119
164 216 131
302 231 153
473 28 133
60 122 30
466 301 151
418 541 215
552 117 90
539 582 76
378 120 260
262 569 266
297 124 78
125 592 55
586 456 54
372 73 70
250 96 53
380 515 21
108 15 42
166 111 203
147 489 145
17 143 218
251 606 58
258 288 142
496 431 151
320 194 111
265 444 97
69 381 87
415 46 276
435 212 26
594 526 208
430 100 50
226 517 280
312 166 117
382 54 2
466 374 100
180 196 137
599 266 264
482 238 122
545 230 103
554 215 285
0 36 32
364 428 201
116 131 280
322 71 35
516 94 129
295 440 24
75 596 94
402 26 40
167 572 224
311 74 257
537 74 268
255 604 203
48 111 121
7 599 163
20 506 177
130 358 274
270 599 263
400 558 249
601 283 219
590 151 184
184 79 80
590 501 261
39 549 111
561 556 35
545 133 67
180 263 3
421 90 268
41 47 262
296 40 92
514 187 197
197 371 271
286 352 25
204 558 301
565 67 163
307 170 254
555 516 127
109 329 110
428 370 299
87 57 141
196 571 181
289 325 36
19 2 24
416 372 43
144 328 214
151 26 109
291 138 209
85 413 195
302 232 11
566 485 258
427 72 227
475 528 118
285 104 299
171 521 167
6 222 105
75 540 196
147 222 187
293 308 97
159 167 210
561 124 164
411 551 85
555 417 153
415 259 47
443 597 113
234 603 44
353 69 2
55 383 257
61 67 41
314 393 88
522 345 73
441 314 185
155 260 285
397 67 122
134 67 23
393 302 47
597 212 90
566 434 4
314 495 286
537 367 220
317 280 153
222 278 22
400 433 86
387 387 144
356 522 207
147 472 137
98 460 55
285 583 158
246 454 41
441 382 88
585 91 221
466 479 14
52 436 174
65 380 248
310 127 298
14 274 150
186 373 168
405 215 50
5 462 53
101 460 252
564 436 94
256 460 5
60 512 154
20 134 252
202 2 83
463 182 296
587 369 41
119 331 16
234 336 242
361 604 93
261 559 94
418 372 93
2 598 128
22 10 271
423 378 73
343 399 45
94 377 37
218 497 88
114 288 69
30 40 52
571 467 93
331 442 127
551 444 182
232 467 130
213 281 251
196 181 218
195 275 197
121 50 85
543 331 236
84 361 94
229 489 217
491 212 137
516 320 133
87 109 102
112 322 280
238 75 144
597 271 20
281 558 239
20 49 256
47 134 298
446 363 170
95 245 271
187 318 118
280 406 110
231 75 248
20 313 299
157 467 22
570 305 46
590 325 204
332 538 228
158 376 186
307 28 189
60 215 42
299 495 265
204 283 76
432 470 14
127 18 41
258 145 35
505 292 96
192 181 190
13 339 90
363 38 29
516 264 162
379 120 12
38 324 291
548 314 78
318 441 141
556 256 198
47 152 182
306 510 63
218 80 137
506 444 288
380 351 163
469 121 200
167 326 222
592 431 156
435 140 302
297 253 106
470 300 192
492 164 186
530 382 30
465 446 181
437 217 268
231 243 31
587 410 54
382 560 94
325 386 181
266 240 70
464 267 114
371 151 91
179 238 207
68 94 279
567 89 17
200 320 191
286 464 237
89 238 127
323 563 259
254 387 197
439 242 109
316 170 192
522 349 237
336 418 47
319 376 245
519 133 83
353 419 81
321 65 174
73 554 198
378 200 166
315 30 201
76 512 191
597 426 34
138 319 81
383 30 209
274 549 77
485 460 54
552 172 176
247 411 267
63 181 171
432 53 6
434 129 176
163 117 195
242 255 254
129 196 57
559 470 213
71 513 16
168 456 296
330 94 12
438 324 0
137 147 185
33 139 84
607 302 177
555 544 126
213 231 265
511 347 263
472 418 204
284 143 185
434 474 93
386 303 125
520 441 127
263 31 45
136 195 54
291 141 187
93 354 271
257 422 179
283 285 19
212 569 151
155 560 158
192 338 19
276 415 194
507 69 81
269 371 208
499 220 146
221 313 150
175 571 20
33 411 259
475 14 273
452 335 72
294 84 275
440 360 3
583 259 17
315 528 147
241 584 249
32 196 161
177 537 149
135 127 172
545 603 147
473 3 258
352 298 24
126 295 144
315 269 171
130 141 166
483 549 167
281 581 90
116 149 205
521 284 101
286 387 100
65 417 65
345 326 171
101 452 149
218 324 194
150 11 82
2 495 39
603 333 227
349 449 172
190 528 231
158 205 54
286 270 203
417 172 158
404 274 210
76 49 58
18 199 23
268 367 269
457 528 165
10 434 143
320 15 98
29 173 170
125 16 218
29 434 245
425 395 226
221 471 50
341 490 160
473 315 164
47 163 228
564 173 138
479 51 133
312 80 296
351 206 121
216 401 296
254 384 81
123 605 249
41 338 99
325 202 33
533 249 75
51 371 163
169 241 183
303 553 78
334 461 173
215 235 111
87 489 35
520 170 171
206 211 272
549 93 74
597 17 134
366 234 42
143 570 261
136 430 266
376 155 226
213 370 89
452 14 100
22 91 180
32 298 91
546 238 11
44 392 102
567 150 290
242 459 152
159 152 93
186 529 123
231 133 73
346 142 225
64 165 82
561 363 215
51 301 115
576 345 120
510 469 32
235 103 15
530 262 252
37 5 246
475 402 154
66 139 134
446 369 191
308 321 224
469 539 216
590 506 225
495 407 99
550 199 199
12 120 195
402 324 49
102 356 291
102 422 116
245 425 230
109 125 239
171 151 217
257 132 191
80 19 281
372 126 167
158 305 19
538 98 233
314 200 20
492 303 79
367 105 25
169 214 278
292 552 141
345 200 34
461 280 92
542 43 43
214 367 223
6 462 292
454 167 177
483 217 31
492 141 37
484 310 50
600 602 23
425 504 172
105 523 129
413 456 283
238 61 223
535 233 194
320 78 195
29 119 263
41 168 178
158 43 185
490 201 237
321 183 229
353 288 82
57 92 93
579 330 124
416 422 196
107 300 268
132 329 42
373 371 221
147 529 237
398 576 50
33 455 121
338 199 180
558 422 15
182 558 294
476 532 39
395 30 136
116 328 186
564 93 219
572 406 256
15 361 93
267 560 40
260 290 301
540 405 95
304 144 295
398 11 246
28 573 142
568 80 177
219 35 24
407 608 149
72 180 176
480 4 8
568 430 209
579 362 254
403 57 268
342 12 71
205 40 148
98 608 191
485 384 227
357 182 220
192 421 104
388 292 217
93 418 106
88 388 270
488 348 101
589 247 229
93 452 101
335 107 143
49 593 283
573 507 86
44 256 159
304 201 3
125 295 251
211 383 4
216 429 301
444 409 206
75 59 284
356 395 87
193 1 111
414 574 61
375 9 118
148 313 154
214 438 194
88 207 111
517 589 190
75 591 107
490 57 223
306 413 109
229 163 245
136 578 266
107 510 104
334 50 183
153 264 112
268 352 302
157 260 143
475 336 23
150 383 187
51 246 146
347 475 57
201 168 189
20 275 36
457 0 76
598 154 9
126 422 86
26 136 25
73 168 142
545 318 19
23 536 294
80 440 108
300 33 230
47 219 95
304 68 127
2 57 223
573 349 258
444 542 55
410 6 92
435 109 188
235 132 263
281 212 154
359 69 73
606 116 46
77 586 146
323 145 284
280 109 267
50 111 95
122 521 231
528 514 121
34 140 225
77 421 129
117 171 178
356 335 275
205 412 150
289 126 169
430 572 35
477 13 188
458 301 301
2 220 275
264 254 98
215 497 80
544 171 57
333 84 244
239 456 128
455 136 172
41 566 295
511 600 163
484 6 135
535 174 303
491 604 232
587 210 232
52 145 123
297 36 24
269 275 255
209 121 66
442 328 61
28 231 188
403 106 253
469 32 201
313 523 151
577 58 42
286 110 1
167 407 224
133 233 90
554 0 52
503 442 281
574 27 219
28 430 71
264 291 122
508 161 71
304 295 0
311 581 21
21 140 159
375 273 100
119 218 259
594 278 233
179 244 13
161 438 100
249 93 292
535 158 29
126 463 135
550 331 250
475 518 210
364 451 55
44 570 25
167 555 185
455 125 294
162 452 268
299 92 39
284 18 114
430 144 67
428 251 244
232 117 24
343 39 254
283 83 128
442 417 276
271 263 97
509 591 116
577 281 98
296 122 199
339 109 152
236 537 23
187 327 87
491 227 265
194 510 17
468 344 241
245 172 258
147 72 131
59 41 214
64 503 257
87 233 255
420 26 73
396 213 264
47 262 127
345 456 53
118 481 36
308 117 5
319 431 223
312 490 77
143 554 215
97 32 127
327 453 232
485 406 150
527 453 226
353 190 90
80 308 221
318 174 257
118 493 22
600 362 256
237 505 131
377 603 180
307 487 253
263 363 69
156 447 50
310 191 127
478 271 45
76 146 28
234 265 47
380 256 249
407 494 256
546 262 6
109 127 74
456 390 229
601 103 159
591 580 279
161 6 19
372 82 86
591 316 135
251 253 117
273 52 108
192 155 19
270 430 298
227 278 265
103 436 117
593 418 50
55 137 186
564 509 153
2 49 194
313 300 41
438 131 272
5 323 106
1 150 58
123 543 63
193 204 206
533 188 248
234 243 14
385 365 157
342 367 96
6 237 214
532 67 153
225 238 185
516 405 301
351 86 302
465 279 99
406 369 187
322 604 222
99 546 238
385 279 34
111 285 33
469 209 65
184 434 222
387 507 234
298 249 113
310 105 92
525 68 47
320 557 302
81 47 163
207 432 86
91 100 267
212 569 154
567 310 20
108 255 291
54 110 113
87 420 159
565 337 41
194 214 297
428 461 61
156 59 82
606 150 152
290 528 214
349 43 100
399 317 29
347 372 286
268 16 292
294 581 132
554 332 41
320 317 225
132 473 42
543 28 102
1 484 183
29 225 29
534 15 168
241 529 257
502 354 106
132 39 111
264 150 15
2 470 154
366 160 49
181 260 140
311 261 70
527 457 8
344 548 6
312 180 52
375 240 259
454 372 178
62 193 187
168 361 262
592 119 178
438 466 1
311 334 220
60 253 136
200 597 154
356 466 31
597 398 38
141 243 179
332 471 283
65 196 102
601 180 183
78 175 264
425 486 144
590 104 37
326 304 277
444 217 136
465 372 175
118 513 212
308 236 54
526 468 20
54 460 281
475 538 278
145 520 152
315 58 4
129 384 130
263 385 250
254 242 95
200 526 261
555 225 14
163 309 166
133 363 51
284 395 184
166 540 245
535 412 168
399 541 103
125 361 190
234 172 187
272 538 133
380 484 239
281 204 165
42 504 45
262 345 63
135 511 194
363 438 280
206 228 68
433 519 141
437 144 57
406 582 281
126 353 143
404 26 3
215 234 184
113 496 72
240 23 249
21 552 292
49 149 173
176 139 53
221 577 184
604 374 67
142 58 269
497 462 211
447 234 60
292 347 187
39 144 153
297 166 251
385 381 25
258 114 187
41 501 14
578 497 29
203 30 62
181 84 48
351 531 153
146 380 149
603 585 85
32 274 186
12 216 108
308 474 257
134 515 148
94 42 160
594 245 286
544 592 60
512 334 111
272 37 301
380 197 128
189 229 160
164 408 66
77 273 35
105 573 152
192 224 298
0 209 236
171 144 235
427 214 218
605 486 229
554 257 184
37 446 203
403 167 283
376 245 113
380 516 216
457 99 286
575 266 65
496 603 238
399 421 231
360 417 213
357 363 44
552 566 115
368 361 2
314 294 151
368 66 195
108 80 9
516 46 59
524 542 23
399 499 280
323 250 31
290 607 200
71 551 3
299 476 225
252 181 4
449 106 14
111 381 104
482 288 284
232 369 152
420 159 294
587 39 1
396 495 110
291 567 230
143 423 260
357 66 180
422 516 118
553 184 292
321 57 76
135 456 175
49 267 188
462 245 89
239 198 77
15 46 227
341 190 46
258 547 130
356 526 53
283 470 10
426 348 28
413 40 165
161 90 156
234 109 283
346 349 287
511 364 66
25 262 262
295 77 157
465 433 123
265 274 126
83 91 30
291 61 87
346 222 178
60 13 293
351 360 112
231 428 98
324 454 177
607 140 3
385 162 74
80 427 206
411 67 99
481 525 134
149 262 197
515 322 174
105 230 169
44 462 259
347 177 80
470 342 286
227 118 95
417 199 200
439 1 4
551 40 142
282 189 203
236 261 9
369 367 209
253 411 132
122 316 196
446 343 54
466 570 151
206 544 19
538 540 120
495 483 163
202 322 268
338 115 5
353 41 260
598 294 281
254 417 165
253 420 74
594 277 43
1 40 130
217 136 271
434 22 260
248 225 247
251 120 111
72 30 56
427 185 253
141 605 48
171 415 146
544 400 209
601 568 46
427 176 192
351 1 43
315 415 62
159 57 148
118 295 22
118 279 182
579 586 199
239 148 255
485 249 114
566 241 233
244 226 39
58 134 260
337 7 179
565 166 64
469 450 225
404 568 25
524 539 51
197 335 162
452 378 162
499 501 60
504 136 20
77 194 41
425 88 62
414 210 43
182 71 127
412 475 82
313 556 146
191 310 111
383 154 90
216 44 5
457 548 222
148 16 21
140 442 69
305 413 126
27 152 67
33 565 187
331 435 108
558 183 301
512 123 142
401 340 17
182 354 176
99 59 65
542 200 250
465 62 14
155 90 30
525 123 250
318 11 76
224 570 199
440 473 157
202 432 129
7 5 175
527 271 28
455 204 32
547 226 249
444 381 131
493 463 125
221 338 8
218 562 264
564 394 76
590 596 157
348 160 224
459 79 212
187 91 142
115 195 114
106 30 240
352 80 281
113 301 170
52 76 285
560 197 65
490 179 244
243 527 232
168 543 236
197 122 18
597 237 132
6 509 2
571 253 248
547 532 242
253 584 42
79 93 169
464 140 171
228 384 194
318 552 93
44 306 233
27 295 6
205 467 12
414 595 48
261 90 287
409 510 112
24 589 93
3 1 18
161 395 43
237 270 89
414 314 64
103 507 143
196 104 136
190 75 283
602 336 258
329 302 246
198 493 245
325 496 16
593 49 125
27 452 210
179 257 221
195 361 190
505 557 235
397 304 102
274 298 22
242 18 239
277 382 202
292 265 80
309 249 77
278 277 67
517 13 174
19 374 9
29 271 202
308 225 156
54 499 241
303 299 152
245 576 288
237 426 184
116 292 130
45 127 200
592 35 179
344 55 133
458 84 204
77 392 273
0 4 287
388 307 201
185 109 293
530 346 183
532 19 224
340 230 221
425 213 96
80 115 103
110 573 96
577 41 55
51 207 65
191 595 149
186 337 274
149 259 18
95 348 85
333 79 266
255 504 34
47 584 173
59 252 84
322 220 289
368 438 33
584 186 148
332 372 228
521 522 224
447 174 49
392 65 153
125 320 96
72 533 89
133 593 250
325 472 207
557 231 216
111 206 277
95 95 303
582 173 268
276 11 67
318 569 243
439 86 121
455 324 87
169 14 243
136 339 126
323 454 47
505 565 119
264 217 187
395 190 221
163 23 239
548 341 54
555 171 221
439 183 166
82 519 79
484 46 59
140 535 77
193 597 182
452 252 233
363 204 156
447 367 173
99 472 63
321 584 265
351 415 285
540 54 211
300 539 22
399 70 213
510 264 120
411 273 36
86 28 248
561 32 146
8 132 99
405 10 64
87 361 161
562 458 173
504 315 72
492 272 256
406 173 211
308 584 56
19 61 251
101 180 153
107 188 272
142 150 87
153 403 139
136 357 276
340 418 15
473 302 297
234 99 303
425 574 215
281 150 299
330 417 102
412 524 102
183 224 58
573 377 267
107 71 103
265 577 81
129 441 238
266 233 147
575 49 281
417 330 36
486 218 299
126 187 18
120 371 203
430 335 22
534 608 245
553 430 133
215 560 79
345 383 34
131 515 225
492 323 118
560 366 267
436 492 249
394 169 1
410 599 266
527 525 270
105 469 291
427 241 55
581 143 148
359 440 281
186 489 79
510 606 143
0 434 273
287 219 281
501 187 243
608 271 105
106 376 19
34 194 66
79 166 180
64 82 204
398 269 149
4 336 33
586 503 173
608 347 11
190 405 53
372 405 18
27 511 167
317 102 11
239 347 267
27 411 59
90 366 187
199 371 209
471 514 89
569 70 60
443 260 156
504 190 50
393 217 285
49 535 288
66 331 82
416 359 135
239 6 152
497 371 165
482 233 61
85 359 97
477 193 283
223 88 237
374 481 96
593 531 184
471 154 279
530 570 240
557 200 16
342 88 28
54 128 37
447 213 218
300 247 292
414 471 10
275 402 28
520 553 195
81 415 234
306 337 123
115 451 227
96 184 155
5 405 102
148 243 173
41 543 141
127 515 177
468 181 11
239 258 281
540 506 27
387 203 274
362 485 245
537 581 110
191 144 49
583 292 108
135 499 128
378 17 73
40 43 212
271 282 32
445 379 39
592 158 224
467 77 202
351 5 293
585 196 270
6 336 122
445 472 99
209 407 190
46 5 116
64 442 194
506 444 43
237 428 202
171 452 202
590 360 254
538 502 242
22 508 267
572 510 184
238 277 182
253 323 101
311 553 1
208 450 131
484 78 247
476 415 303
544 396 287
175 326 295
2 514 86
497 477 74
247 272 114
404 525 248
123 393 128
284 601 74
280 34 143
262 510 253
253 445 0
604 11 12
240 179 256
551 68 230
320 315 83
366 276 291
292 399 60
162 240 222
39 77 230
161 505 270
256 149 273
138 311 172
512 551 259
182 50 176
495 370 124
472 127 285
89 585 184
99 138 110
267 344 210
470 505 125
573 318 172
70 456 16
354 359 256
208 541 97
462 594 191
422 14 74
49 103 300
241 202 99
230 27 139
130 497 275
93 461 151
206 89 89
20 443 115
552 208 199
526 227 282
427 40 127
12 255 59
183 496 120
493 283 294
537 413 155
201 64 6
18 270 103
457 456 43
480 400 85
159 483 101
432 467 231
277 479 136
225 54 16
541 104 285
276 32 257
507 400 58
314 418 180
44 266 16
549 303 157
44 20 93
541 9 15
469 286 13
209 511 116
445 1 103
521 277 130
402 341 167
512 47 62
450 257 240
235 198 192
586 408 166
202 507 108
285 533 160
238 134 95
578 136 32
246 49 282
113 8 72
380 77 49
13 84 300
521 319 291
281 296 107
60 55 170
15 340 87
91 136 25
401 105 0
103 351 282
82 22 264
568 402 5
493 582 4
232 494 263
335 332 73
237 559 137
204 574 132
261 222 105
9 14 188
502 117 149
602 365 149
100 325 51
8 375 222
1 607 6
479 333 218
201 127 98
588 497 90
264 315 33
75 324 56
601 218 189
426 211 108
273 477 204
522 43 239
302 44 225
133 80 149
296 447 134
576 427 32
212 82 280
236 157 265
441 315 2
155 132 110
400 405 245
195 485 109
531 344 26
422 477 259
37 330 2
554 463 303
517 232 79
187 26 43
181 467 113
559 179 148
96 579 299
110 165 8
168 253 154
435 66 119
340 269 137
526 381 4
253 289 128
62 33 272
28 380 156
476 330 0
5 592 218
548 94 116
524 262 255
401 254 250
146 594 252
387 68 122
40 321 164
535 383 84
446 578 145
216 2 63
332 173 250
418 112 57
226 193 185
288 594 53
140 297 255
95 76 171
597 116 134
336 208 209
109 46 134
263 428 70
138 151 151
162 126 82
281 353 177
218 198 12
576 338 300
311 599 281
114 144 263
570 481 88
192 147 27
558 410 252
318 105 173
417 434 6
19 272 205
590 47 97
95 15 251
340 326 25
218 606 163
544 124 191
304 317 257
110 266 169
511 584 24
11 558 103
246 135 128
226 116 300
570 377 65
477 108 302
541 492 270
141 428 104
387 289 12
172 400 160
534 468 300
392 479 293
75 282 239
30 508 27
198 26 276
216 504 88
282 602 46
512 300 95
91 245 51
153 417 244
38 508 31
508 291 177
319 366 128
430 562 91
49 152 161
212 534 303
483 207 254
194 276 176
500 533 262
486 243 177
429 282 89
231 181 40
69 57 131
189 45 220
209 94 270
422 472 75
86 346 257
519 98 176
35 598 270
404 32 233
139 461 240
383 83 303
475 152 93
324 507 184
127 274 299
82 87 108
128 339 17
548 250 58
26 285 38
37 246 56
292 386 20
386 326 281
53 358 136
552 73 34
487 201 49
516 449 71
575 135 99
372 74 100
266 100 266
316 303 236
397 596 202
497 373 254
70 592 128
571 535 275
361 413 20
425 487 241
133 10 100
180 382 191
35 206 66
340 79 27
117 33 4
3 530 237
215 601 116
176 563 72
211 315 287
169 131 166
577 430 121
68 1 184
242 202 95
73 543 244
208 217 64
329 221 166
547 436 273
140 4 217
268 381 32
532 107 71
66 242 101
219 310 238
311 553 277
167 183 214
267 391 269
401 278 67
14 216 134
227 356 23
118 181 9
323 105 113
217 171 287
97 556 39
588 258 153
230 591 103
414 250 251
373 208 283
553 222 164
561 7 9
295 125 196
411 448 131
191 222 253
213 320 107
545 299 181
379 86 284
396 501 35
527 265 138
162 210 153
179 328 64
275 180 105
387 148 276
327 505 90
272 109 223
330 46 33
204 591 119
60 544 54
332 462 155
203 181 170
297 526 249
398 193 112
15 580 103
247 299 17
92 128 155
423 16 270
1 386 211
275 446 65
607 335 116
596 538 22
517 227 269
158 16 257
145 198 198
280 445 224
312 94 300
454 517 244
364 75 238
257 517 278
250 515 95
97 59 163
126 577 12
238 126 58
543 271 85
210 551 82
509 255 171
327 266 239
327 21 79
270 444 83
50 86 33
331 183 67
541 475 69
370 104 288
547 38 260
147 415 57
358 315 31
54 199 34
433 83 16
278 353 238
198 403 124
24 125 126
518 57 268
538 593 193
74 531 208
491 235 206
407 150 108
578 204 214
572 194 176
144 30 248
327 228 68
430 418 83
440 493 136
316 422 257
462 54 182
38 545 46
361 343 217
390 478 276
9 607 156
486 308 258
98 27 73
279 457 226
142 454 209
63 161 74
134 15 127
293 219 20
245 581 146
182 362 216
489 538 280
547 581 67
470 71 134
177 516 269
469 50 40
36 279 17
191 579 75
401 263 150
103 66 159
149 414 178
229 460 166
308 398 283
86 259 184
500 603 241
319 463 250
593 56 59
420 247 229
261 205 47
488 309 182
78 15 228
197 244 173
244 552 173
264 195 200
78 86 6
243 406 154
457 390 229
508 367 17
528 20 255
369 65 50
276 144 157
597 507 216
160 142 205
288 573 205
66 42 48
447 285 34
405 300 187
419 365 254
71 284 5
261 211 214
151 487 113
222 476 200
538 193 34
354 481 233
531 547 53
20 551 41
81 513 158
90 323 160
466 395 4
419 213 42
437 365 168
157 587 273
383 73 258
309 427 10
365 516 15
464 536 281
405 175 80
203 431 267
532 288 234
93 98 252
309 92 68
126 249 175
253 190 164
130 499 258
46 256 53
510 277 221
473 73 173
340 442 128
531 531 52
65 15 254
422 490 37
91 7 137
348 260 132
236 557 88
108 603 237
330 61 41
202 534 117
250 266 63
119 188 23
277 254 17
89 233 105
160 324 165
38 230 136
548 466 35
63 574 160
0 461 224
214 54 218
58 304 240
344 424 269
109 258 218
333 513 36
604 65 127
273 269 43
369 208 284
579 438 180
175 604 136
441 210 54
189 434 122
204 170 182
407 445 286
421 169 113
225 330 275
353 161 46
103 530 166
484 501 132
388 233 181
143 65 65
119 420 205
123 15 73
550 422 300
184 400 6
331 16 226
100 370 196
138 30 68
550 514 214
183 459 170
586 603 176
147 279 147
142 402 34
474 510 124
33 85 9
536 416 63
152 516 76
538 45 140
403 595 187
159 335 143
315 312 143
535 16 241
124 325 257
338 190 68
365 223 281
349 150 113
350 469 127
278 398 113
236 192 221
266 518 9
146 224 280
186 316 205
505 607 292
341 336 23
521 258 34
343 607 27
581 515 229
283 350 228
30 144 123
539 576 130
608 113 99
103 465 255
224 361 136
227 260 65
254 172 214
227 73 256
351 45 303
500 495 127
273 525 155
571 455 303
168 11 122
156 281 75
17 505 83
485 124 116
71 544 242
81 163 165
255 71 302
502 571 189
490 402 211
179 364 28
444 89 243
379 245 255
170 262 269
488 304 274
458 375 5
157 13 103
538 435 292
521 328 225
391 375 115
177 554 117
141 555 42
117 325 20
374 495 4
528 540 128
528 555 171
464 103 25
120 198 300
13 111 51
478 502 61
292 236 149
471 543 74
296 52 230
532 426 116
588 511 104
174 431 21
467 452 127
607 130 297
297 309 211
148 178 90
98 28 145
435 499 101
442 352 216
607 275 153
216 255 215
531 595 51
183 453 290
105 8 108
226 305 133
457 11 285
305 109 73
388 101 238
406 543 214
476 99 54
530 481 65
43 403 88
596 143 278
549 249 100
190 475 144
583 489 172
268 185 230
591 131 211
194 537 175
316 571 47
270 49 264
479 92 34
397 245 290
159 185 280
538 541 285
337 72 213
147 341 185
232 323 44
419 74 163
97 390 197
40 51 300
464 87 63
73 484 193
600 200 36
159 130 22
358 24 298
604 172 255
593 404 254
103 380 262
317 34 204
50 74 136
441 538 121
481 168 281
157 160 284
185 485 248
145 234 13
343 396 70
274 546 25
84 206 123
412 81 233
245 131 116
129 130 34
100 2 23
279 160 100
50 511 226
559 213 94
41 556 238
304 221 235
529 306 146
525 275 149
555 77 153
51 206 139
252 473 186
178 143 198
430 193 196
392 310 234
311 517 274
18 213 301
270 133 264
286 215 137
383 161 126
3 213 61
527 22 81
279 366 179
523 187 30
60 136 204
419 447 106
283 465 125
368 127 287
482 579 123
262 354 186
120 357 1
351 441 194
445 278 228
240 192 171
395 419 281
250 229 61
180 512 20
323 437 107
156 310 212
204 573 147
414 250 98
393 158 204
561 604 60
42 401 184
154 187 163
567 438 231
210 9 88
485 333 17
277 46 300
40 251 177
157 222 78
188 172 66
218 124 237
359 167 194
250 487 289
560 2 85
48 379 40
48 255 264
42 532 132
347 573 86
7 121 297
84 476 174
319 85 233
106 1 93
294 252 246
61 369 61
432 583 224
204 188 163
31 231 274
348 578 192
30 586 48
377 227 261
454 546 107
46 209 287
137 60 72
106 122 233
77 111 91
594 315 52
313 513 135
565 252 64
172 283 303
233 217 19
160 62 206
173 274 189
353 577 194
342 74 207
91 318 9
590 469 263
503 173 19
203 296 33
482 468 86
295 258 187
335 419 208
35 149 92
553 59 238
523 401 282
5 49 15
374 31 253
7 534 280
152 294 65
550 168 120
345 20 191
358 522 250
599 557 85
62 59 15
269 582 112
385 587 33
541 519 142
392 526 219
139 69 96
16 177 156
84 79 94
245 603 218
382 593 158
225 213 102
570 39 261
264 590 250
8 523 79
391 472 43
257 2 162
583 184 164
468 268 183
539 514 72
81 453 53
346 70 220
504 197 203
192 462 299
467 27 221
210 418 238
35 232 22
539 372 278
168 397 183
486 328 263
189 575 144
208 312 248
441 207 270
104 565 49
357 589 211
82 190 2
278 392 251
477 322 140
250 491 147
292 534 61
405 280 117
529 488 153
279 320 303
61 424 220
28 339 170
22 587 250
601 256 198
194 124 192
325 375 93
245 224 84
50 187 253
430 107 46
513 386 290
526 5 294
329 199 52
279 222 90
585 214 54
65 574 0
476 456 189
327 259 212
102 309 13
158 297 56
259 367 14
514 285 156
308 171 227
441 450 167
552 592 282
477 48 231
83 525 155
230 243 248
601 511 235
551 60 282
164 485 206
330 391 21
501 90 267
263 89 220
578 198 128
499 232 207
550 315 40
6 545 41
330 95 278
521 37 110
399 201 189
202 532 215
124 590 178
384 410 129
42 380 174
126 436 81
425 543 168
31 550 18
46 437 146
407 349 262
385 306 150
405 508 129
208 190 51
267 574 174
581 173 27
318 299 228
454 282 97
463 479 108
408 526 189
448 324 1
82 266 113
83 228 155
8 436 133
80 260 42
562 232 102
373 108 154
10 119 100
191 582 12
313 547 252
430 386 170
453 25 196
7 109 216
401 283 156
211 363 180
151 482 143
431 246 205
401 257 191
44 5 236
332 319 88
538 306 195
181 150 213
91 323 19
229 115 31
360 492 28
143 201 168
325 23 208
171 424 71
137 25 174
243 523 34
287 9 144
108 191 233
121 282 94
409 511 219
205 262 132
530 572 165
286 454 132
288 16 203
270 320 158
91 563 42
564 241 106
124 515 234
444 194 286
34 603 190
515 366 119
271 287 236
393 130 109
373 584 215
499 245 186
42 503 242
108 15 167
183 139 205
450 140 248
389 175 27
231 247 198
501 518 181
291 303 159
535 233 22
352 289 175
490 331 186
304 439 89
194 14 45
156 21 14
478 410 60
19 198 146
93 256 99
11 547 70
59 30 239
249 383 186
242 430 84
128 125 9
196 485 66
403 198 186
141 67 47
221 253 177
382 512 53
175 523 233
272 139 232
601 389 283
168 188 252
510 316 110
405 69 7
314 29 182
410 171 241
141 558 261
403 331 120
147 63 15
438 335 122
316 328 174
578 496 43
217 563 235
148 525 233
565 230 128
571 31 192
35 339 229
528 133 81
480 446 152
181 275 239
187 149 247
582 284 106
113 58 203
569 207 245
43 163 8
156 125 288
605 326 235
395 411 26
72 283 20
422 21 160
499 208 72
460 347 55
475 17 90
445 143 254
497 187 299
170 509 87
41 62 163
417 457 214
484 87 23
554 509 262
290 399 109
176 251 90
511 117 232
296 119 178
288 7 178
166 344 56
169 385 5
56 360 285
354 401 67
492 346 127
42 27 111
575 369 268
403 272 112
82 125 149
70 580 50
412 137 110
210 473 25
71 529 31
556 440 138
352 323 94
215 531 44
35 497 75
105 457 244
459 96 33
490 166 31
85 135 201
467 346 55
348 583 76
590 530 158
180 440 52
283 46 4
413 247 155
26 353 291
521 369 52
89 416 241
237 501 139
79 359 108
229 99 169
21 246 14
88 426 32
34 100 62
69 70 214
157 97 166
537 175 14
569 264 242
159 501 294
51 137 294
454 532 269
389 554 250
80 199 88
376 399 212
110 468 44
258 17 282
149 111 275
576 71 72
36 397 296
163 448 252
206 459 13
349 240 278
128 486 278
500 253 81
364 530 301
298 345 212
495 494 90
258 462 19
285 55 225
536 384 239
149 590 202
461 330 266
109 16 142
565 516 198
369 271 193
475 126 37
321 12 217
278 436 122
306 112 43
123 205 258
553 355 165
391 207 35
469 483 149
590 605 259
522 365 3
374 397 31
129 109 19
378 387 256
37 251 224
360 374 217
15 484 201
94 267 173
61 127 154
44 275 86
101 188 68
595 119 111
606 248 141
187 183 246
371 386 143
58 137 73
559 152 276
530 413 73
99 474 2
151 76 270
199 177 131
170 163 131
373 326 274
242 514 219
55 442 70
286 500 192
281 7 233
318 537 56
13 27 32
2 344 5
265 544 235
108 105 117
402 35 34
335 443 278
452 499 209
513 342 51
102 14 54
9 333 98
496 346 54
405 348 106
390 171 38
109 445 222
157 238 176
531 573 27
368 417 36
203 321 43
373 589 121
273 155 275
101 42 258
123 447 71
490 394 34
182 503 246
312 217 246
478 140 21
478 65 109
534 268 277
489 198 109
292 28 158
152 130 194
358 419 247
469 300 20
143 40 66
261 352 200
175 221 167
53 256 246
514 347 38
78 227 220
397 77 236
262 229 202
336 587 188
249 447 283
113 147 255
37 575 38
179 141 95
461 360 151
531 265 256
261 509 167
521 463 292
200 116 11
10 453 206
405 259 36
48 538 145
341 575 186
377 146 118
191 164 266
428 87 147
404 514 70
607 592 128
278 183 207
344 359 198
554 321 44
602 370 101
189 102 148
517 36 64
377 227 48
597 213 59
30 8 135
138 172 192
543 7 179
13 351 25
101 462 192
6 455 66
282 202 239
248 110 125
194 45 139
471 199 129
391 230 79
217 368 140
191 469 12
349 482 26
258 140 84
488 146 239
36 595 11
295 234 226
147 595 75
226 457 144
76 405 291
542 179 282
129 371 246
165 277 102
276 535 33
239 580 98
49 173 112
227 468 223
516 6 206
406 399 126
330 475 42
207 574 123
453 94 224
558 426 284
260 259 298
545 498 168
367 105 266
176 332 221
385 405 192
580 203 301
14 533 86
19 132 250
204 142 39
317 257 56
99 517 56
582 453 139
593 378 225
169 111 37
380 496 120
597 467 247
604 38 274
34 57 187
38 428 269
137 136 190
53 401 22
394 540 132
16 82 300
517 417 46
576 188 217
598 342 107
213 503 162
528 537 121
532 133 106
512 270 69
473 490 280
176 441 155
498 457 136
147 366 217
515 499 298
328 45 269
607 425 157
482 344 34
137 268 165
54 337 301
439 201 179
8 543 191
118 599 171
475 137 42
32 43 161
553 371 39
364 536 277
69 575 205
35 103 57
577 323 102
338 153 212
145 162 151
228 446 21
492 312 138
512 345 277
146 455 46
269 210 162
373 445 211
379 481 298
210 6 225
379 510 94
306 47 168
167 441 27
19 324 127
173 394 46
371 540 130
55 366 8
274 131 190
460 67 69
471 278 162
31 48 132
519 354 173
117 521 204
161 97 62
517 271 124
167 199 247
271 420 200
143 86 211
460 103 245
206 574 40
567 605 290
387 72 39
254 355 31
563 516 286
587 591 64
562 149 250
468 586 281
132 120 49
93 580 53
122 177 0
151 302 130
63 80 219
51 335 177
561 455 1
117 433 169
109 552 88
467 411 224
471 101 283
117 194 165
33 482 245
357 25 76
234 254 126
350 471 265
379 590 89
149 98 284
233 373 62
300 398 7
510 260 302
232 543 278
92 133 182
129 490 37
468 282 182
1 189 32
479 568 259
193 274 221
507 507 303
154 364 178
545 432 128
262 221 202
506 313 151
14 608 293
322 24 152
441 26 267
422 505 206
385 89 292
2 153 84
602 474 296
548 410 255
311 230 244
175 127 158
6 307 240
50 20 248
543 461 19
173 274 139
371 216 73
567 219 107
53 212 30
69 318 121
74 20 123
466 195 298
120 367 220
383 584 262
61 518 302
540 248 85
306 10 173
327 578 181
59 188 124
265 257 179
439 497 202
233 520 93
487 32 1
272 415 269
410 33 121
565 573 144
386 436 257
590 320 143
403 380 191
429 202 105
330 32 140
418 432 236
92 310 264
299 139 176
482 549 204
130 506 95
27 449 276
266 596 245
474 391 76
261 211 135
28 99 257
292 517 244
467 0 107
232 299 82
411 172 145
181 469 293
80 53 3
250 319 90
463 184 142
281 2 251
467 30 53
77 322 22
119 346 267
28 578 214
520 547 115
509 119 93
561 199 4
10 6 105
56 469 251
493 307 9
90 166 124
394 409 112
607 529 210
376 557 89
2 25 247
410 91 296
234 209 28
555 220 22
142 442 253
523 327 171
462 583 249
432 368 120
280 532 27
32 466 109
197 468 130
465 435 249
410 61 153
554 7 164
95 315 84
438 395 24
314 249 299
521 238 19
529 75 117
14 108 302
223 471 148
457 327 105
7 128 268
542 239 49
245 335 162
391 164 265
420 35 81
424 114 22
519 34 217
371 215 267
247 438 294
148 286 209
318 459 54
107 559 143
511 361 212
179 143 210
243 121 19
555 102 178
54 12 215
237 549 156
528 353 143
72 501 2
109 377 286
441 484 285
404 552 147
92 289 275
277 532 103
498 35 218
223 255 63
315 492 44
456 411 174
149 40 11
128 150 251
124 591 283
69 386 140
542 36 17
550 479 195
235 368 148
189 149 201
154 464 285
226 478 89
486 18 213
195 313 241
447 437 275
574 506 156
201 440 111
118 547 46
566 339 286
607 528 128
461 74 75
32 300 284
346 343 18
92 95 174
154 542 159
365 507 242
353 100 267
543 218 253
603 341 272
589 506 253
281 358 277
438 556 84
20 459 151
230 552 219
310 263 201
218 19 110
190 538 85
158 472 160
231 24 242
477 170 160
199 452 131
162 281 168
425 467 41
588 89 282
238 565 220
597 341 164
411 88 252
325 412 5
180 34 76
376 68 143
27 268 47
478 430 183
600 412 228
406 391 215
487 187 30
56 341 121
586 143 154
271 25 77
151 205 174
55 138 95
129 165 124
213 201 235
134 192 224
523 155 226
392 33 205
550 255 42
273 233 167
417 61 89
364 212 256
511 267 303
561 562 101
602 166 119
21 467 189
461 381 96
241 165 90
207 106 120
72 545 61
79 519 150
112 274 104
515 177 303
448 295 10
104 455 154
569 476 53
175 495 255
544 127 32
504 334 70
110 572 187
558 43 232
458 155 12
570 227 4
506 233 15
395 337 170
8 463 128
88 195 96
550 297 13
124 192 100
580 302 113
363 417 202
222 266 185
522 393 302
390 456 265
111 242 191
452 417 184
52 505 176
313 3 233
92 128 157
372 99 100
6 19 107
292 407 24
290 321 291
72 102 283
531 379 27
274 223 284
38 441 227
164 312 97
420 404 261
426 167 182
124 173 63
240 22 136
178 478 126
67 551 53
245 473 235
223 304 220
9 509 184
24 230 206
485 41 27
188 467 37
599 149 75
586 555 25
537 290 86
35 357 274
576 603 230
278 383 162
370 559 269
294 583 120
87 459 252
284 204 248
206 194 191
302 337 205
586 265 26
130 466 267
392 433 266
517 269 98
504 30 16
557 490 263
397 134 40
113 584 216
19 182 77
74 41 294
518 184 92
200 314 204
240 97 109
440 172 41
415 67 205
339 182 225
404 579 291
318 249 142
603 268 136
472 342 28
236 417 179
597 175 84
206 581 16
249 579 207
118 385 227
183 281 40
129 76 54
375 561 267
431 555 301
225 584 45
227 377 54
412 365 52
303 572 290
15 378 153
507 54 44
458 237 283
148 533 223
584 299 207
51 287 164
561 70 203
362 297 284
138 100 209
88 570 200
177 142 78
236 40 187
71 56 140
520 204 147
436 345 227
304 562 217
284 72 239
239 434 49
572 129 131
219 218 264
271 561 193
259 189 141
301 426 16
581 337 162
341 164 72
567 25 287
472 475 211
446 106 209
275 235 33
370 454 54
592 283 258
347 542 223
142 235 281
603 373 138
216 105 3
340 64 81
252 536 266
402 539 152
544 371 7
40 298 74
86 447 232
84 185 287
272 494 123
443 45 184
342 261 42
572 601 227
219 411 29
507 370 39
292 305 276
478 511 293
510 597 36
382 73 32
354 511 104
560 345 284
88 78 142
496 42 55
359 427 5
315 325 251
201 174 60
16 43 119
296 111 164
248 50 164
551 404 39
297 522 86
530 167 155
139 54 234
349 413 116
527 119 51
466 486 239
268 60 48
139 356 207
607 604 20
96 103 96
96 400 269
607 488 148
144 18 47
333 533 209
505 451 87
560 474 8
179 300 297
8 439 303
557 437 78
548 533 295
500 186 129
365 350 170
397 494 288
483 384 234
539 447 301
105 398 181
323 134 221
602 143 253
184 257 153
371 362 69
52 253 40
299 9 200
592 406 64
459 446 220
251 542 143
50 38 205
324 528 69
289 78 56
250 428 117
205 190 239
84 242 232
315 99 91
287 82 254
311 541 158
110 349 46
522 400 3
114 115 55
449 571 195
485 378 119
169 584 240
381 59 215
72 541 204
105 219 90
544 87 161
377 363 45
144 276 58
116 390 93
172 397 52
473 273 220
427 608 157
128 380 220
238 10 162
447 115 183
295 50 90
76 593 73
372 129 289
459 411 65
52 583 61
217 447 62
317 431 169
392 117 29
83 355 211
482 360 166
491 46 180
587 288 108
438 217 27
123 67 245
198 120 241
227 503 196
529 211 259
387 160 80
16 409 162
265 282 116
19 164 64
599 309 169
111 138 186
527 427 159
579 182 196
162 409 78
359 495 297
379 273 146
515 290 133
564 555 102
530 131 282
100 287 141
124 398 72
365 316 75
65 452 201
51 172 237
540 531 247
188 467 94
162 540 129
546 52 243
160 583 43
104 240 284
358 530 196
141 286 92
74 518 267
24 126 17
107 224 178
76 578 99
484 132 179
131 235 292
498 561 219
388 56 88
123 414 52
256 112 10
262 187 120
112 211 274
300 484 279
411 560 112
546 602 254
3 124 215
121 179 129
380 125 294
435 248 229
412 504 36
66 323 112
570 436 34
425 127 54
228 95 117
443 198 28
513 367 221
43 46 27
300 426 114
4 418 174
289 221 67
78 453 238
53 414 41
406 397 101
26 16 6
372 459 157
102 363 159
122 572 303
321 429 217
37 599 293
0 280 9
25 524 269
373 577 299
548 541 84
573 124 208
85 496 191
405 155 287
40 277 119
330 155 120
603 192 8
76 193 301
380 218 139
529 591 243
483 87 70
225 51 251
149 137 7
532 99 22
226 139 197
215 26 271
467 20 72
432 96 77
69 477 82
229 563 21
524 437 239
142 219 245
50 368 62
288 457 135
404 240 47
188 455 101
128 479 242
426 302 156
142 371 155
408 158 205
47 239 301
382 382 255
325 432 259
572 278 200
142 239 77
184 428 9
251 113 148
339 539 166
80 238 94
464 203 54
359 250 17
82 189 54
24 71 112
500 34 213
215 343 75
336 527 216
303 169 283
140 508 76
445 145 280
513 166 81
130 525 76
153 607 248
557 188 219
508 79 66
128 460 246
597 187 214
441 47 56
565 187 45
175 24 35
190 94 179
407 225 60
432 544 25
36 492 11
487 392 291
364 77 139
583 65 270
112 64 87
585 186 56
514 527 41
589 274 136
388 239 106
269 62 273
148 264 99
382 143 1
87 507 192
252 38 154
327 150 105
450 126 24
152 198 36
209 178 100
195 123 11
129 392 165
441 98 187
360 480 23
61 124 44
6 376 208
17 261 123
257 102 179
241 254 135
143 21 298
485 216 286
458 512 145
492 510 219
348 261 199
513 489 122
576 495 93
235 512 96
44 327 234
145 568 274
445 268 259
480 310 37
29 159 17
303 209 200
66 114 47
476 19 214
401 152 253
259 387 48
379 431 295
601 577 123
191 579 208
246 450 26
74 479 230
580 174 56
378 406 27
604 273 183
101 65 248
94 325 157
156 261 19
102 419 60
450 1 96
180 247 137
54 487 181
254 15 70
220 394 23
301 555 270
400 48 295
43 142 222
240 464 132
425 566 275
135 573 29
424 144 247
554 364 52
554 176 119
452 396 295
147 88 67
115 46 258
315 255 193
397 495 224
574 477 70
118 3 158
273 427 88
232 372 191
235 484 120
254 493 219
224 197 229
141 312 28
105 185 184
378 582 248
62 105 237
479 389 245
250 53 62
332 451 147
335 244 88
514 498 260
37 280 110
424 421 212
248 83 270
494 18 186
17 81 123
183 560 68
519 367 52
65 90 16
315 591 14
440 496 181
6 534 219
212 515 196
453 321 66
271 206 40
62 389 53
124 572 176
575 483 263
28 105 116
542 586 228
247 417 113
8 423 5
215 192 117
234 202 206
337 473 120
458 92 139
383 382 213
259 515 282
502 543 121
393 33 181
267 447 246
194 12 0
212 228 161
136 462 29
382 190 196
224 205 222
13 588 280
374 238 117
332 298 121
395 248 294
435 72 89
449 266 279
443 478 188
20 172 28
574 554 136
550 335 298
10 348 245
461 279 155
209 2 290
223 397 190
105 389 53
157 229 22
56 63 104
348 249 127
494 381 298
388 322 145
44 332 129
288 184 141
494 559 193
223 174 84
533 445 301
140 603 192
179 216 95
254 121 153
501 173 125
84 118 207
3 162 28
436 7 190
96 502 200
368 282 165
595 206 123
159 346 146
395 83 226
252 337 247
525 230 254
569 480 95
161 40 84
252 33 147
84 130 166
475 55 111
598 207 206
557 366 182
67 319 63
568 128 257
138 44 298
325 5 164
186 332 34
376 141 3
407 391 246
54 258 44
592 247 72
119 361 57
159 594 174
447 553 230
298 82 92
102 573 188
387 317 133
103 84 277
18 48 200
64 268 120
331 251 186
362 371 265
151 87 167
425 534 134
53 390 94
57 492 44
66 270 81
573 539 289
336 558 223
325 179 49
128 67 199
345 429 286
313 138 173
433 563 259
496 173 178
199 230 244
33 462 44
183 593 222
141 320 156
146 36 125
420 331 189
502 233 84
346 103 220
277 536 131
299 424 78
269 180 171
565 213 276
245 563 240
465 95 52
191 241 199
96 218 195
68 111 274
27 457 62
123 291 61
174 148 87
565 417 250
577 539 1
608 341 47
15 198 85
351 555 3
280 43 185
98 111 240
148 138 116
302 428 36
107 602 242
335 115 289
135 249 165
315 249 202
448 264 31
68 172 112
95 452 281
340 107 135
88 256 64
460 115 287
514 222 39
273 115 8
6 416 75
444 122 230
448 128 105
374 362 56
246 14 299
161 354 116
187 443 103
75 294 2
225 365 209
535 195 189
517 201 208
582 36 282
454 41 156
312 581 251
177 218 250
217 379 51
198 567 213
602 199 245
69 425 199
367 517 301
172 425 264
559 398 253
459 409 166
45 279 68
601 456 69
120 230 180
602 428 199
309 587 238
33 47 281
122 415 47
406 144 168
5 260 128
249 110 156
534 321 55
349 480 201
383 600 285
187 593 136
115 459 144
242 492 41
186 5 19
203 577 284
37 582 132
269 222 165
24 313 237
59 54 6
106 603 43
384 181 95
481 296 71
113 538 232
568 281 185
220 485 215
182 522 10
570 348 111
460 372 76
228 597 6
476 95 274
106 36 164
495 74 163
291 353 254
579 313 93
263 90 49
81 439 2
38 400 112
217 417 216
266 36 80
370 512 243
24 175 94
469 227 57
157 518 5
384 45 298
284 308 27
225 555 101
523 593 60
282 367 52
414 25 28
92 561 24
473 142 85
448 2 288
53 326 130
455 101 145
284 385 232
38 2 300
396 82 89
546 364 300
62 336 131
223 428 180
453 458 146
250 297 192
275 517 179
541 529 73
77 205 254
254 409 165
378 196 160
486 300 32
518 362 12
133 142 165
142 595 158
460 237 87
338 69 8
541 1 246
237 244 188
485 56 197
291 434 39
346 477 125
322 386 172
25 519 272
156 219 113
136 236 101
137 131 252
489 230 56
319 467 11
353 509 28
188 358 120
385 95 104
273 417 248
80 608 125
29 155 218
130 457 81
469 595 212
267 32 213
233 517 157
443 428 300
266 7 198
523 558 28
39 222 158
107 468 280
86 497 271
7 18 273
165 487 102
11 312 70
87 545 134
21 379 180
188 202 117
547 116 288
558 155 226
377 262 103
361 515 207
57 522 44
211 244 34
516 255 127
411 508 91
215 87 257
3 275 45
574 214 199
484 163 231
8 98 86
165 16 192
211 74 191
607 285 166
272 192 23
250 604 297
163 376 248
13 379 192
230 510 296
564 386 28
443 560 137
142 116 39
522 493 278
373 491 263
25 155 97
541 571 169
348 125 6
408 304 124
135 535 34
241 490 39
511 490 78
436 190 270
378 269 200
559 33 246
583 58 124
190 157 265
567 62 169
102 28 76
348 163 65
330 570 31
255 473 206
574 466 99
567 401 190
1 518 96
535 492 285
173 73 174
381 197 76
438 465 270
25 204 293
478 92 201
370 347 295
143 479 120
106 603 50
338 604 45
327 87 80
375 260 268
136 199 154
569 28 64
421 219 139
602 255 92
136 16 282
308 159 212
338 265 120
327 160 222
390 488 173
171 420 96
190 556 258
573 517 220
202 329 73
36 323 188
128 16 4
568 324 63
268 220 144
572 104 134
427 494 160
370 222 188
131 579 104
90 543 17
410 302 181
341 505 280
526 24 260
285 149 64
202 418 149
551 547 277
8 531 174
562 293 223
318 590 102
187 71 285
574 482 229
404 214 88
391 297 274
117 582 159
1 342 274
272 284 132
203 458 259
20 411 253
60 286 210
235 473 101
345 604 145
314 399 112
179 347 206
68 464 113
273 23 247
453 461 113
128 55 165
335 76 259
225 136 295
263 371 89
538 273 268
243 587 99
162 157 168
544 392 157
457 222 132
103 67 242
199 361 173
144 87 98
57 479 257
256 299 128
320 228 30
545 28 206
117 356 122
203 457 83
311 306 280
441 575 60
590 332 179
19 33 303
299 91 95
106 347 85
284 224 86
293 326 243
281 444 76
592 204 96
77 72 127
393 71 112
334 52 165
27 237 131
582 536 300
233 33 55
348 483 95
83 334 94
11 172 153
296 155 152
263 232 247
259 182 284
387 73 217
239 266 203
124 240 68
432 30 53
478 378 287
306 18 239
295 30 84
450 326 280
201 146 302
191 571 126
85 349 150
364 145 215
104 435 34
104 258 38
136 294 297
43 600 288
7 452 288
143 460 69
434 52 31
514 243 45
334 495 208
393 416 76
552 77 102
509 181 280
495 318 91
417 527 206
524 535 158
51 69 86
237 61 158
402 132 12
253 23 254
453 416 189
189 360 37
527 426 169
515 312 32
187 287 249
17 368 130
300 585 63
599 213 73
342 173 126
495 426 75
90 436 72
268 182 43
357 101 23
184 7 66
330 194 150
394 212 3
550 69 186
332 59 175
176 402 35
318 454 83
317 101 255
290 369 20
14 117 103
164 302 161
184 23 13
47 583 154
279 524 182
44 247 152
22 589 253
174 298 178
142 173 213
104 463 213
248 478 245
493 33 176
302 383 54
305 597 128
78 267 240
528 477 150
429 499 234
455 64 44
326 373 246
299 34 16
32 282 6
214 332 255
90 25 220
154 330 53
193 408 77
312 328 174
402 314 232
307 327 301
67 44 146
0 343 70
562 541 61
385 313 270
241 403 218
203 114 239
597 473 214
371 343 7
457 136 90
599 443 107
362 67 268
333 233 164
503 187 6
513 572 89
245 370 237
169 573 233
423 118 220
476 490 104
581 504 51
391 494 6
85 247 303
432 137 290
71 198 1
418 268 34
468 70 84
313 239 52
438 53 294
427 87 9
317 59 267
177 450 116
37 535 162
131 524 262
459 596 184
364 405 293
399 264 284
194 134 38
120 572 148
331 557 203
588 265 227
575 608 22
169 202 303
177 334 122
323 350 252
389 105 123
115 61 97
520 422 138
555 99 193
201 430 177
100 410 195
58 542 298
466 268 220
523 446 233
496 326 83
455 106 28
211 221 165
397 132 244
108 245 29
558 3 133
347 104 263
567 162 78
343 186 47
322 266 299
191 153 233
411 166 17
293 377 250
236 331 30
159 439 293
181 389 3
24 127 242
444 252 69
353 152 115
88 474 91
269 223 102
167 25 162
338 484 58
287 277 207
368 436 156
252 174 129
139 199 287
296 200 234
172 110 268
235 199 16
121 25 17
326 193 66
255 88 191
560 375 286
588 300 258
3 552 202
416 248 202
513 544 266
420 274 168
36 66 244
126 353 249
606 70 63
501 491 40
438 443 142
43 422 79
250 591 178
23 398 120
161 468 181
499 445 125
62 481 84
432 165 149
219 162 134
199 220 203
433 49 125
599 258 92
291 66 276
258 89 214
307 417 177
15 473 129
440 535 16
488 359 160
114 578 2
143 335 201
54 325 51
408 316 176
132 164 209
4 422 64
274 286 248
569 302 131
92 299 200
429 179 93
155 459 43
210 602 160
485 213 164
366 12 230
506 310 133
269 314 35
122 145 105
557 106 203
82 364 150
475 184 47
8 506 75
286 273 47
290 315 184
177 238 17
379 302 248
469 571 223
205 84 190
560 33 37
608 281 181
347 313 64
430 322 133
530 165 119
15 456 191
488 190 128
364 569 107
274 429 49
333 192 289
94 309 213
127 309 256
524 213 25
497 200 191
533 288 237
233 303 18
414 348 3
59 103 134
171 544 242
246 434 73
572 528 36
487 212 47
75 127 256
143 16 119
89 106 14
201 506 5
326 311 276
475 370 252
308 99 182
570 345 1
581 308 219
458 187 265
36 428 33
158 128 210
481 384 33
483 585 214
345 469 48
555 335 286
426 34 125
231 161 222
28 133 289
352 592 237
280 185 34
501 343 296
295 216 48
195 256 119
602 602 238
268 105 104
304 88 189
440 486 109
478 514 243
381 257 50
472 94 186
105 595 283
309 447 189
12 200 206
300 359 50
448 18 301
322 322 285
563 319 199
191 354 45
118 127 58
194 156 185
455 261 185
7 127 270
385 139 184
576 605 142
151 444 208
606 158 28
98 112 81
519 469 283
236 587 301
543 172 116
169 184 50
556 192 112
339 577 45
322 101 274
55 252 123
415 415 18
46 514 132
605 590 13
466 384 178
12 318 115
488 487 12
8 600 135
596 331 98
105 44 107
220 266 228
171 72 154
445 118 155
389 280 174
360 304 223
309 482 73
596 361 229
459 535 252
514 522 141
260 185 64
550 405 226
206 133 179
278 136 1
420 82 59
544 442 62
443 308 295
217 296 299
478 146 123
122 52 185
262 478 225
4 420 229
12 17 18
259 295 201
15 107 46
51 208 160
558 43 127
494 260 80
183 296 47
574 418 146
435 237 187
38 242 278
46 420 71
354 70 7
355 85 259
439 137 89
79 252 39
27 137 166
106 487 124
54 9 165
54 1 111
532 39 41
379 85 213
243 606 168
568 352 225
558 348 157
147 427 10
554 455 112
169 118 153
81 172 241
576 392 289
534 315 186
291 85 193
469 494 9
108 454 171
607 569 100
26 273 294
471 218 271
2 553 128
20 191 216
213 159 73
407 84 206
197 542 271
73 402 65
111 67 205
502 65 22
190 91 229
305 563 257
598 122 289
400 143 144
97 522 21
20 321 303
424 518 182
471 148 128
404 260 53
181 319 150
85 509 2
95 371 226
47 526 38
552 317 216
196 414 89
0 600 265
54 582 2
41 444 151
596 239 96
0 587 8
244 63 5
137 324 107
593 371 267
120 480 19
398 68 189
590 68 256
51 288 108
197 329 48
48 482 140
159 482 287
589 283 239
477 421 210
294 571 168
471 82 116
79 38 197
102 185 145
283 403 263
436 157 141
148 205 211
100 364 238
195 510 84
354 379 40
228 230 76
473 92 213
147 171 61
498 440 45
308 114 93
572 107 240
556 256 45
579 522 196
475 108 93
212 462 78
535 81 258
378 555 4
304 259 232
433 149 250
139 457 11
414 587 215
71 91 31
265 62 191
214 94 87
65 472 261
460 565 13
34 334 134
308 195 132
311 20 221
145 159 258
93 574 201
315 202 207
183 468 200
131 73 98
21 304 16
539 322 284
530 356 82
467 55 246
221 367 247
123 512 114
483 163 259
378 478 10
365 218 53
413 349 264
113 370 127
286 301 58
414 222 283
434 247 231
41 25 133
276 148 255
228 189 1
311 124 226
154 489 34
464 460 239
571 573 34
374 416 271
498 222 99
536 213 261
20 254 281
37 88 109
123 316 2
539 185 161
214 339 203
108 360 55
518 323 87
80 254 45
109 143 212
526 70 78
582 256 179
219 293 201
171 583 210
312 513 194
578 284 179
281 393 203
444 302 257
128 382 165
63 48 1
552 574 34
37 104 221
551 324 89
544 495 180
410 365 224
296 334 127
77 172 244
385 7 190
407 135 31
74 365 54
51 474 39
264 511 278
124 10 142
278 554 76
572 356 81
161 209 287
201 286 49
24 229 302
316 27 237
380 102 204
50 319 159
460 583 131
199 98 45
429 543 100
102 63 188
140 225 247
69 592 105
170 7 12
444 323 225
410 261 270
299 477 196
53 328 5
484 84 271
317 70 170
96 172 186
396 312 256
297 547 203
41 274 272
14 109 76
180 77 240
449 542 242
427 152 105
546 193 108
320 511 120
28 164 235
574 117 212
128 580 52
273 178 122
592 358 118
17 539 276
477 379 193
363 197 60
576 134 296
431 454 51
357 39 65
455 5 207
422 133 147
494 572 280
232 113 40
79 130 278
169 164 32
358 84 123
90 52 283
15 40 177
9 397 277
166 409 195
607 389 155
577 274 105
559 63 300
456 142 225
284 477 136
490 392 277
451 39 160
104 55 197
211 230 238
523 562 212
232 561 13
239 529 29
376 36 77
460 492 293
397 333 39
499 215 118
242 223 300
37 327 275
38 95 94
603 10 143
360 408 36
505 38 225
482 581 94
80 432 291
429 221 184
203 277 124
536 519 234
300 556 223
118 151 250
333 146 2
501 506 10
12 568 110
384 608 118
183 79 30
31 65 104
379 434 156
333 362 191
68 53 49
130 337 248
287 61 129
12 562 225
310 131 229
38 72 187
347 255 192
37 453 217
556 223 14
301 114 20
564 182 232
332 312 13
417 156 99
39 334 23
167 36 127
420 74 58
507 588 216
229 16 283
183 572 123
405 430 197
546 552 131
463 441 164
551 249 243
258 288 65
85 12 282
209 432 76
405 496 172
414 283 9
267 466 11
344 428 48
91 531 294
21 385 207
262 327 51
383 143 243
230 394 128
112 160 255
401 565 189
503 371 153
178 29 29
592 539 183
384 22 299
562 209 17
129 28 278
554 412 270
215 33 0
497 311 251
602 104 154
152 164 228
594 509 180
450 492 135
291 267 289
497 386 182
36 72 298
512 17 289
78 398 204
205 286 54
491 445 234
291 155 292
19 306 270
552 314 195
572 605 115
5 494 36
422 530 165
92 599 265
507 235 291
179 440 51
329 488 153
583 337 161
559 522 244
434 22 144
359 594 44
107 599 258
242 578 195
5 228 135
395 126 59
130 305 288
318 192 145
508 332 121
78 448 140
120 274 77
477 190 85
221 297 163
459 539 191
341 102 178
48 54 126
156 350 207
95 59 236
80 567 111
567 202 155
359 489 48
174 357 289
140 135 98
96 151 134
188 492 260
508 541 149
345 254 93
45 516 158
545 596 195
326 111 75
556 471 44
450 202 278
535 342 213
474 604 123
509 350 204
38 249 302
229 152 172
605 363 119
155 299 0
438 183 241
314 130 85
71 580 202
350 63 101
156 94 233
112 161 214
118 199 238
56 428 126
415 591 86
514 137 66
324 575 178
245 446 1
194 517 176
179 425 95
63 138 162
108 416 238
338 535 296
540 591 165
285 397 275
393 469 192
523 350 111
62 152 108
62 346 242
34 82 185
236 145 134
89 253 229
103 148 81
316 245 264
348 530 88
529 480 279
237 561 230
244 180 214
88 242 28
6 277 162
350 513 109
388 602 134
68 96 149
449 578 102
370 317 105
245 237 242
589 32 21
231 442 196
468 530 177
165 536 139
387 443 194
311 223 200
45 457 107
537 464 211
223 391 69
605 27 294
415 7 165
178 238 114
120 263 249
471 428 204
324 206 214
247 517 76
495 562 67
230 48 237
543 437 274
122 599 282
547 571 204
118 306 14
131 593 214
231 455 240
424 171 270
9 584 109
426 471 212
83 258 119
369 193 269
438 315 127
533 419 271
27 537 116
533 225 161
251 13 279
396 603 18
139 4 180
121 430 52
57 70 45
207 440 83
185 269 219
153 193 171
250 386 120
487 477 180
265 119 296
498 515 65
294 211 36
397 499 269
362 556 257
142 155 252
116 340 209
404 51 138
60 301 245
418 345 223
559 1 15
103 499 165
417 350 49
126 138 79
432 57 163
33 200 149
406 482 274
439 443 104
56 60 183
392 36 51
430 595 189
310 255 268
97 230 20
261 356 231
315 179 43
482 378 140
196 175 302
416 5 124
78 228 115
207 11 106
72 608 294
547 309 63
26 572 87
465 390 98
600 96 92
349 136 8
298 498 128
286 305 55
274 383 246
157 147 34
242 219 251
313 323 32
363 349 149
476 372 29
337 363 69
544 103 130
77 567 73
394 410 172
274 241 243
548 565 181
391 198 21
398 69 288
272 432 51
110 299 225
504 194 146
385 129 161
403 372 106
475 157 11
244 598 288
561 94 173
417 42 44
491 607 242
446 270 207
141 546 10
374 441 86
361 384 223
8 178 141
222 210 241
569 454 17
548 407 3
484 381 219
175 429 51
544 266 107
293 573 282
507 338 283
307 90 181
401 98 122
259 486 180
440 3 254
1 552 285
431 593 150
461 325 191
489 426 87
345 276 227
304 174 194
95 38 152
437 606 276
347 256 50
25 253 123
158 420 193
254 408 129
123 261 279
587 307 293
99 43 74
185 513 257
1 0 31
73 603 229
243 507 96
457 533 177
509 248 217
60 59 188
371 348 36
563 326 100
407 426 217
83 168 59
100 335 231
156 408 2
374 209 119
240 57 169
524 566 87
11 184 174
72 112 278
394 66 300
414 30 9
35 280 288
170 380 82
470 93 169
322 468 232
72 265 33
355 346 273
443 523 280
590 595 168
477 380 216
82 352 127
278 553 278
34 114 46
126 142 72
17 21 280
283 93 159
606 5 238
444 448 112
23 595 255
323 464 129
413 546 137
533 215 176
324 250 19
218 376 200
206 559 114
219 399 216
54 562 51
402 564 42
55 144 59
469 25 93
46 438 140
141 362 242
181 243 62
58 461 291
77 225 186
117 1 27
416 56 135
277 15 176
586 70 158
438 539 248
589 143 71
233 284 26
259 22 135
535 80 108
135 323 66
460 440 257
575 413 263
201 81 19
556 224 261
447 54 12
363 200 42
108 599 184
215 250 5
122 176 134
48 478 161
364 329 218
73 462 199
447 220 189
393 167 228
409 172 73
522 535 121
168 35 257
99 416 82
385 96 298
142 310 285
388 231 213
466 305 140
349 143 202
36 94 287
556 60 250
79 582 67
576 142 96
455 407 75
141 183 124
170 491 95
67 437 39
460 294 228
540 200 29
397 236 86
588 350 36
341 595 210
21 562 76
68 575 122
532 273 48
39 443 6
23 68 156
72 528 108
592 17 95
203 580 288
518 559 5
450 458 247
355 479 240
403 105 240
581 28 25
333 67 231
134 90 230
372 328 235
462 477 83
143 72 24
226 147 8
217 597 47
193 509 176
123 469 202
351 441 201
244 166 25
137 466 75
98 396 100
310 249 26
374 558 217
575 175 152
283 558 171
450 143 196
44 432 17
518 175 58
245 585 81
371 113 92
588 377 230
82 78 28
219 9 173
428 141 57
341 425 295
574 432 237
541 33 155
369 551 258
196 353 27
354 115 285
370 261 46
173 509 186
391 285 163
115 104 35
181 2 81
30 576 93
188 65 231
169 435 73
492 188 172
181 542 217
150 304 28
52 34 297
199 592 138
356 98 88
45 279 299
325 475 14
428 220 86
121 390 179
531 439 112
76 177 238
511 493 58
599 546 138
309 302 169
139 49 36
238 94 134
506 419 148
297 404 13
154 82 203
3 4 65
40 246 266
177 149 149
8 305 95
483 5 290
332 144 3
446 549 195
396 3 37
212 300 228
249 12 121
399 181 75
379 222 264
537 565 8
579 573 280
281 448 129
119 337 31
173 174 73
488 127 235
4 340 259
90 146 216
425 546 13
156 316 65
133 244 3
425 380 205
413 52 218
572 338 211
433 68 219
234 113 90
38 283 275
309 540 195
148 356 70
3 512 253
412 202 129
2 18 137
332 597 98
57 561 0
120 551 166
524 177 182
446 381 103
265 247 172
64 396 206
133 565 298
352 535 86
372 537 220
330 426 50
341 41 43
412 161 230
552 242 91
197 245 149
291 510 89
150 132 94
531 265 225
373 174 228
252 546 122
481 434 127
532 332 159
259 135 125
371 79 275
217 442 61
1 124 92
33 440 245
18 362 14
569 127 244
602 545 169
121 583 229
67 506 235
53 156 203
367 84 284
481 467 52
65 469 250
325 59 122
275 78 211
46 204 206
435 197 194
318 485 123
192 552 43
398 162 303
296 87 235
274 568 220
84 24 134
351 515 50
282 347 79
133 394 174
277 386 244
523 261 122
134 453 256
418 408 181
249 95 55
496 369 153
602 11 248
568 362 113
151 201 40
420 335 13
285 169 4
513 84 182
174 384 184
387 193 245
153 608 297
173 496 287
151 489 13
154 6 13
229 157 106
42 134 198
416 419 223
566 489 40
369 54 140
15 441 229
236 152 36
109 491 115
351 33 78
605 187 60
168 582 143
99 16 119
365 598 129
192 555 163
268 315 5
120 497 249
166 290 163
377 399 107
475 141 266
10 137 266
327 472 234
357 571 212
522 328 261
498 520 50
77 345 112
319 466 9
560 23 18
344 400 132
176 432 63
42 442 95
261 326 291
453 75 117
219 597 122
139 43 210
449 120 133
23 440 32
259 391 152
11 293 225
327 469 62
176 68 62
329 495 284
344 506 281
488 282 172
351 421 101
457 262 249
134 451 300
442 101 247
331 278 238
10 606 108
288 339 106
565 59 212
393 404 67
463 449 172
521 192 196
13 40 206
235 340 298
454 174 210
13 505 263
307 72 287
185 526 41
575 482 243
408 267 290
138 287 299
316 365 103
140 378 216
393 171 181
44 182 29
572 195 233
161 60 106
521 245 48
169 211 119
486 176 13
597 480 27
106 187 29
582 494 153
490 444 23
461 45 275
606 175 246
204 502 189
483 580 212
237 141 135
474 18 184
534 172 124
273 279 125
542 252 81
581 299 230
182 151 247
132 314 85
277 518 280
316 559 223
157 353 260
376 218 58
329 144 196
153 583 76
496 73 137
116 46 293
179 394 115
454 526 242
295 194 9
29 67 116
344 391 51
356 324 204
387 44 30
590 363 164
20 251 28
477 367 78
182 103 49
39 558 234
376 410 269
13 440 41
376 341 113
483 254 300
365 198 196
558 179 243
115 365 280
355 234 84
198 416 190
436 12 268
591 554 83
497 125 236
28 501 38
559 541 70
197 463 69
45 412 249
256 528 76
110 440 25
53 30 85
543 466 82
539 5 260
503 59 35
297 254 148
156 204 42
269 567 241
580 169 153
185 426 277
156 93 17
360 146 92
95 247 247
9 343 108
311 403 281
295 92 182
337 414 244
477 74 145
471 211 111
269 397 99
152 553 85
33 470 138
552 123 191
486 132 176
590 0 210
145 461 224
563 355 273
134 223 107
438 251 115
302 521 227
593 230 263
533 429 249
177 373 269
234 416 134
26 397 104
221 100 214
65 220 52
323 354 236
212 349 143
478 43 199
90 193 89
420 283 133
169 18 137
41 418 28
45 444 251
381 56 158
569 121 251
503 1 168
217 379 52
183 249 48
226 505 255
57 482 151
318 43 193
508 84 268
63 296 266
15 68 107
67 29 49
505 532 43
80 141 214
171 490 68
470 107 153
354 331 140
78 206 263
595 105 215
478 334 161
31 349 173
416 582 194
479 36 292
377 116 94
212 453 48
462 315 65
165 60 219
351 304 51
136 456 3
6 325 118
172 357 9
407 330 184
227 200 272
137 134 153
188 513 182
286 532 121
49 89 241
142 606 69
442 133 134
404 140 65
91 478 159
294 442 220
28 227 25
240 364 209
292 110 107
23 562 123
234 2 73
506 311 146
29 144 285
9 548 114
480 30 98
90 491 121
196 519 91
502 150 12
333 0 265
235 189 18
60 423 266
140 486 11
383 73 249
150 82 55
224 562 187
167 209 47
109 405 139
279 298 144
204 188 214
239 589 260
393 206 83
107 512 230
132 286 193
301 437 107
575 52 37
437 385 142
14 494 50
277 330 106
81 534 199
51 330 182
376 281 160
515 388 208
532 78 182
179 545 65
74 512 291
531 340 46
588 520 60
441 188 135
149 435 285
212 43 197
421 419 179
227 326 225
546 415 41
100 152 212
90 226 154
133 149 102
117 294 88
319 293 282
77 442 206
535 211 120
105 189 270
566 417 114
529 520 234
570 11 216
547 102 151
594 401 107
371 75 226
226 395 239
270 29 268
306 564 223
385 60 288
441 183 30
380 269 249
292 230 249
355 335 94
202 320 76
364 82 257
212 309 106
518 136 46
49 442 74
567 384 100
56 383 302
294 154 299
277 3 146
604 359 73
424 118 234
36 40 140
499 252 182
138 327 35
582 377 241
205 335 296
221 557 183
421 408 32
281 76 92
537 238 245
520 53 98
213 256 45
598 146 25
406 450 277
350 423 174
127 186 227
289 573 132
390 385 223
203 223 158
20 318 185
361 229 94
212 442 298
269 598 126
135 395 293
163 137 268
124 430 127
587 276 290
554 58 130
487 427 252
496 447 225
134 200 123
600 578 212
105 405 9
530 540 32
354 94 11
159 385 187
149 529 266
436 31 142
500 518 151
178 405 99
340 96 230
122 88 34
346 359 197
117 446 152
449 192 143
475 517 90
322 223 188
446 51 298
19 551 2
186 286 100
191 17 167
119 139 299
459 42 186
153 325 291
387 331 282
272 197 140
100 520 8
456 357 193
235 543 185
90 286 268
516 477 75
429 596 17
597 3 51
71 322 185
601 266 149
271 96 288
15 196 183
592 209 116
1 445 228
571 92 95
374 165 120
195 594 229
320 139 168
488 211 152
96 369 27
35 198 242
337 213 7
551 196 119
70 198 283
298 326 198
203 91 300
142 286 148
234 607 27
495 43 154
470 305 196
269 340 148
329 69 166
586 177 257
443 247 8
302 102 212
419 471 242
92 4 188
359 404 53
323 290 240
498 318 5
600 144 139
290 473 1
194 7 111
18 7 281
39 475 147
387 285 108
383 543 12
56 294 104
503 174 248
384 64 5
127 221 298
211 511 186
364 263 267
251 281 86
551 486 196
510 264 205
331 38 139
156 261 148
108 155 259
351 539 33
468 57 291
287 435 253
579 356 134
435 608 175
299 107 81
30 9 79
212 506 109
328 54 54
296 328 288
438 70 155
201 96 268
185 383 159
237 519 149
553 511 60
263 202 189
294 398 76
313 167 149
370 52 131
79 514 126
109 343 80
69 101 29
418 286 240
428 524 35
351 25 273
273 288 145
468 140 151
230 453 192
498 380 152
377 459 162
584 125 211
419 194 26
516 169 204
221 597 117
168 339 204
461 169 32
512 29 291
519 425 180
249 480 96
198 248 109
496 389 203
85 366 245
384 273 200
527 52 226
585 220 202
391 72 170
486 142 33
277 218 171
522 24 109
94 223 298
292 110 241
448 361 65
356 136 87
599 221 244
221 363 299
183 146 204
481 23 122
364 300 188
64 379 19
243 31 86
228 323 216
159 328 60
13 241 220
140 231 5
486 453 156
443 193 268
195 231 86
90 596 205
368 217 215
505 17 211
422 245 31
6 570 166
560 140 287
365 281 256
224 324 45
447 324 144
373 519 162
322 166 118
295 535 183
38 431 179
421 411 99
241 583 202
389 92 247
170 457 35
183 238 114
205 77 191
587 7 183
149 496 195
306 182 129
238 220 20
187 198 257
547 605 144
426 385 78
280 556 247
137 296 81
153 501 39
49 37 101
465 352 34
439 49 75
338 453 119
392 31 89
248 579 16
79 396 83
333 233 288
436 371 264
2 81 72
586 130 161
125 596 117
604 426 59
378 321 169
373 105 52
122 353 110
34 598 257
165 323 134
409 316 111
340 318 287
329 461 261
522 586 217
457 138 62
608 517 230
604 447 132
22 126 9
351 160 55
467 491 27
208 291 189
43 188 30
402 75 213
283 154 231
316 168 120
333 168 290
62 329 237
62 517 66
581 259 115
38 117 145
593 492 158
80 535 96
217 495 65
206 335 226
505 42 105
167 541 48
69 160 289
418 222 240
118 361 27
311 565 227
221 550 47
588 187 222
91 405 158
279 168 85
343 64 252
576 397 115
534 466 222
212 275 99
573 560 58
418 262 202
547 40 223
115 19 38
219 111 284
209 556 294
534 290 285
459 258 71
482 349 280
499 562 235
462 83 20
177 502 38
458 606 161
70 278 245
479 498 65
241 264 23
172 190 41
333 206 241
448 79 63
421 135 115
393 598 29
315 166 153
500 15 106
283 86 240
85 565 200
164 364 128
24 536 110
340 426 126
306 431 259
178 244 156
3 194 219
77 509 234
45 567 69
175 407 266
141 492 271
605 213 65
116 237 262
591 577 235
221 440 56
372 9 20
216 178 59
49 256 193
49 467 173
230 33 176
331 341 143
111 503 155
256 176 203
493 159 73
105 546 5
591 309 48
435 83 59
473 298 37
411 347 167
142 577 252
445 465 243
189 134 20
311 556 33
505 440 103
390 102 53
106 84 158
607 76 271
69 549 51
561 352 291
303 51 198
244 53 36
526 408 94
93 111 133
3 173 144
72 563 57
244 226 250
117 225 133
238 294 103
49 412 32
374 106 142
224 350 1
539 433 58
546 84 195
56 87 296
7 326 162
227 570 86
531 244 133
468 483 74
346 532 251
133 297 254
137 521 33
195 9 133
218 112 0
352 168 259
50 342 116
477 126 216
521 48 143
348 73 183
468 586 51
558 276 88
146 414 186
416 0 95
510 384 197
80 127 50
69 343 85
384 211 88
217 289 5
129 194 289
247 54 116
123 169 158
19 315 252
436 288 112
420 190 100
72 270 123
502 505 157
222 280 76
68 497 254
571 184 250
96 431 137
206 111 166
150 130 1
342 124 281
257 101 245
390 339 213
373 233 140
533 455 158
461 524 164
236 43 44
205 305 269
228 69 284
586 219 207
42 119 210
562 376 116
496 324 107
424 88 248
81 13 0
351 31 108
509 267 273
242 472 159
572 257 220
571 401 278
92 443 8
511 396 146
589 450 185
231 265 232
438 512 171
491 254 78
460 320 193
195 562 204
235 83 250
345 45 192
65 303 47
70 206 98
8 186 285
271 583 246
179 412 121
266 294 54
384 311 271
327 506 162
300 133 43
530 478 182
109 100 180
297 336 262
273 344 273
256 172 0
504 351 11
213 174 18
342 559 147
182 443 77
142 134 257
351 221 27
606 496 273
555 185 91
267 458 268
165 106 76
37 1 53
487 380 80
456 113 253
294 462 157
196 161 11
64 513 99
134 510 291
469 456 44
366 114 80
330 445 59
23 482 259
68 360 195
454 373 223
180 225 8
350 421 48
212 42 97
295 176 2
431 37 279
144 569 278
315 456 272
149 479 277
150 105 288
532 559 67
585 130 50
47 38 42
280 416 285
417 268 229
455 90 149
63 234 152
394 106 218
561 255 120
324 406 214
447 329 5
335 471 18
4 519 155
95 190 107
394 165 293
426 11 109
496 241 190
82 26 42
457 145 42
93 469 131
443 308 232
466 200 247
10 370 202
202 465 177
366 416 252
24 234 141
547 121 124
252 369 191
64 383 293
132 476 131