235
93 105 102
4 182 93
30 184 28
114 183 32
56 148 44
231 50 57
13 48 116
231 206 74
163 124 41
83 176 114
130 201 70
82 137 52
122 167 114
128 214 32
200 35 101
11 198 93
77 144 89
206 140 22
39 69 74
75 84 35
68 214 93
97 228 9
74 47 39
1 107 65
43 72 5
165 84 106
103 161 74
22 64 97
146 35 20
92 111 18
215 179 70
1 208 44
159 48 33
182 216 54
184 191 24
153 121 103
18 157 104
26 179 26
107 22 49
189 47 98
120 194 42
30 195 69
100 51 102
217 234 22
139 183 84
201 102 38
112 52 95
48 78 88
116 118 40
219 72 24
131 193 54
153 155 0
149 21 94
125 170 14
82 74 59
162 207 105
61 84 25
48 132 116
215 180 8
33 97 50
201 228 36
192 78 14
143 160 29
145 50 8
147 65 99
29 227 105
180 220 116
148 201 4
194 181 27
56 146 108
225 44 100
49 1 35
96 144 98
29 54 29
200 133 74
74 94 83
156 206 93
88 119 84
16 11 16
192 234 46
163 156 70
58 205 25
32 66 17
98 95 35
215 227 81
229 234 99
100 155 42
124 175 76
181 191 49
49 81 87
62 9 17
188 234 98
11 199 99
146 62 51
100 42 66
119 204 11
165 1 86
183 125 55
17 4 52
97 53 70
108 47 112
207 167 33
109 179 81
176 22 25
104 122 94
124 173 24
142 104 99
81 52 82
60 69 26
230 98 75
11 138 31
203 110 69
91 151 88
179 92 105
26 129 27
150 18 64
176 160 69
203 174 74
52 234 38
141 229 10
146 5 55
32 140 95
86 231 89
182 107 8
134 133 32
71 216 99
15 89 93
230 224 77
27 41 12
227 114 45
123 26 1
89 225 109
97 8 51
21 191 27
38 22 38
183 93 63
44 41 9
65 36 81
25 231 0
219 223 25
104 44 116
161 65 70
123 163 61
13 116 51
178 154 39
7 35 31
218 11 101
216 76 73
35 33 0
230 184 59
70 53 3
102 146 4
57 201 30
21 214 53
175 90 69
49 29 112
16 179 47
24 160 73
0 128 11
208 123 12
101 125 110
38 160 39
40 149 47
206 170 58
185 111 98
83 160 67
184 108 50
227 132 47
112 64 116
29 204 34
131 70 62
217 108 59
215 149 106
178 52 10
53 169 77
185 184 80
111 65 61
217 58 110
180 170 66
203 199 37
114 95 69
83 78 50
144 58 89
120 168 100
31 154 103
220 36 72
99 148 110
18 62 29
1 174 115
116 142 50
133 188 60
153 37 31
46 113 98
20 233 74
213 29 29
105 14 28
181 45 53
20 230 5
152 231 48
219 45 64
16 110 87
75 28 41
144 74 102
203 94 13
195 4 20
39 109 59
154 223 106
114 8 70
68 161 85
196 145 77
95 93 61
15 100 13
72 176 76
75 144 1
8 37 109
206 76 37
184 162 68
139 41 100
21 109 13
203 2 50
127 97 15
162 44 98
157 48 72
226 55 26
87 64 44
188 202 17
95 151 101
225 222 104
60 9 9
57 144 98
63 37 95
162 131 54
59 53 29
133 44 109
116 132 64
136 17 31
96 112 57
51 102 16
47 94 72
16 83 87
222 146 0
222 74 106
31 65 78
56 198 88
205 79 30
46 147 14
158 8 66
119 59 9
234 38 60
123 54 106
88 41 78
23 195 99
88 227 33
139 215 46
166 117 71
90 164 11
31 87 108
84 206 4
103 205 39
49 25 81
11 46 7
120 1 16
67 89 36
12 160 96
88 91 59
76 181 108
143 144 40
151 228 17
219 96 57
90 78 113
182 89 7
13 209 101
207 209 23
157 153 84
88 6 1
69 82 47
46 158 4
43 74 42
12 58 66
118 80 102
181 195 44
56 140 56
166 112 13
63 35 32
53 55 66
134 124 45
25 103 88
129 146 80
159 158 2
217 208 23
118 155 84
40 211 97
172 74 69
210 138 24
167 123 58
62 189 9
206 214 79
39 109 63
113 200 2
10 182 46
155 232 65
25 37 88
203 142 78
23 49 57
113 148 110
190 210 99
89 182 93
91 153 75
5 31 98
9 208 100
221 61 44
119 18 114
159 221 98
107 9 20
57 54 20
198 177 34
225 31 109
164 55 99
211 227 62
156 168 12
115 154 55
4 205 63
97 130 7
97 2 60
78 60 3
208 190 10
79 113 79
63 209 45
133 185 88
233 106 93
4 154 96
71 90 33
157 119 100
161 148 46
174 158 11
7 132 105
17 211 77
59 206 20
19 104 116
207 35 111
92 206 96
64 210 115
7 64 37
79 225 88
86 164 33
85 104 8
207 121 37
206 112 6
112 132 111
135 36 62
196 60 94
177 125 40
111 64 58
165 75 60
131 94 74
188 179 91
142 151 15
72 55 22
141 99 28
11 234 16
83 127 68
58 69 36
77 113 59
23 43 15
195 106 33
61 227 29
130 134 77
153 139 19
54 212 110
19 223 93
187 3 79
14 61 38
132 70 84
179 94 10
134 54 32
115 47 45
207 177 46
148 95 82
144 82 21
171 33 80
197 221 76
48 0 114
135 64 86
168 8 71
108 74 97
222 121 15
26 94 11
199 174 111
208 84 93
194 20 113
168 150 58
77 130 103
214 30 50
187 130 88
186 3 80
171 157 83
203 183 103
177 79 100
179 219 83
194 178 56
175 111 78
142 120 6
109 32 101
5 151 85
144 103 85
122 206 111
154 175 104
212 117 108
43 228 57
56 120 109
158 227 90
39 135 74
118 176 60
159 181 6
95 90 88
34 213 52
131 64 20
108 42 109
96 17 89
69 73 33
221 164 65
113 203 114
125 19 38
170 110 112
63 206 82
59 5 8
193 136 90
101 9 57
225 38 21
107 107 43
110 25 74
37 138 53
99 29 102
102 199 88
52 194 75
93 18 42
43 143 88
225 176 74
146 166 107
152 39 116
96 81 106
203 50 37
211 149 91
3 16 105
73 69 74
113 94 86
91 69 44
39 227 106
95 138 21
22 223 89
223 84 4
147 52 32
43 196 75
134 199 21
122 204 111
0 15 76
132 106 20
172 77 43
153 172 74
66 126 113
117 47 108
14 194 101
196 169 27
57 1 94
34 55 30
79 55 37
151 187 18
57 124 74
190 43 21
158 41 85
115 91 41
87 105 90
112 67 37
30 56 100
148 22 23
99 102 103
65 18 88
137 75 115
219 197 69
4 120 77
14 167 110
139 20 44
87 64 18
205 95 107
89 175 97
195 39 101
122 104 56
168 173 110
103 158 72
14 94 112
133 108 2
40 179 64
120 198 59
132 169 108
132 190 83
222 83 109
112 137 106
186 70 92
101 105 3
212 51 94
141 116 110
170 156 59
150 209 32
28 38 76
100 170 57
180 89 83
163 133 34
15 85 115
208 186 91
20 95 8
162 169 84
108 104 54
234 19 92
187 215 66
74 80 105
83 193 51
176 121 99
102 69 95
31 209 21
232 229 45
14 156 66
80 30 76
68 196 0
196 148 15
128 222 6
161 2 22
49 178 66
71 213 11
177 176 33
167 105 41
17 51 106
36 132 0
91 132 100
97 93 98
84 221 70
83 80 63
40 129 31
217 200 10
229 143 9
214 7 86
194 191 38
195 227 54
58 15 61
217 112 23
53 128 19
44 143 25
37 115 81
72 98 54
86 92 27
207 71 11
199 198 62
7 158 1
114 148 21
118 62 100
147 116 21
163 92 22
24 61 105
182 133 6
70 219 55
33 124 62
3 88 58
164 27 43
14 73 102
46 191 111
122 103 42
92 199 93
138 155 82
64 102 41
20 104 85
68 137 108
119 140 68
66 1 14
102 182 95
219 160 10
164 48 28
224 72 17
142 142 24
52 206 110
96 158 93
125 226 108
209 43 36
147 41 58
111 143 67
81 60 64
6 224 20
202 145 84
127 219 24
208 37 60
88 133 83
72 190 18
126 165 46
86 9 2
214 120 25
221 201 99
222 140 80
135 107 21
189 0 6
82 208 105
113 228 8
136 65 36
15 124 40
171 210 100
66 121 113
104 39 37
134 27 9
85 94 46
14 48 38
95 62 31
145 176 113
94 9 27
233 191 114
234 128 49
9 126 7
71 230 55
32 61 13
133 146 18
107 92 36
80 120 60
194 30 54
133 124 68
2 122 16
63 53 60
198 229 53
219 233 53
45 30 115
64 164 96
178 203 17
38 48 97
195 7 79
225 73 109
29 75 86
25 71 48
81 34 108
28 19 5
137 64 116
4 60 111
17 4 3
123 209 65
45 101 104
233 23 96
8 52 57
140 10 111
22 91 62
66 52 24
176 121 74
14 126 76
182 143 69
84 198 79
34 9 27
158 174 95
121 182 0
159 19 88
33 42 90
108 40 25
203 149 74
58 163 108
209 42 95
61 58 62
54 92 86
148 16 23
30 69 76
132 228 110
8 193 44
143 66 103
95 201 48
101 25 112
232 234 45
37 228 83
208 47 48
152 128 43
203 158 37
202 55 87
152 231 59
144 139 4
108 167 76
222 33 103
195 30 33
211 0 64
51 208 19
150 125 52
197 94 13
10 228 21
119 145 46
118 221 39
115 94 37
147 13 92
136 209 79
125 185 81
38 168 55
166 15 65
187 144 18
132 154 107
64 205 69
159 20 76
158 136 93
22 48 50
85 117 50
179 174 10
137 144 12
136 76 0
125 28 110
207 92 52
215 156 112
132 12 11
203 171 92
133 125 69
8 210 46
93 87 45
128 224 3
195 58 44
111 183 103
104 155 78
183 67 94
232 200 82
67 100 69
38 165 93
225 173 107
225 198 74
233 23 86
82 219 47
174 27 45
59 131 76
204 11 15
36 9 36
47 8 88
229 214 41
233 136 40
144 126 20
143 56 84
63 70 34
41 9 82
134 1 103
147 205 23
160 6 81
70 220 54
80 146 24
187 144 60
165 54 81
106 197 25
70 192 109
186 233 13
94 132 87
65 211 47
48 137 92
207 139 61
72 220 32
218 104 89
198 34 82
69 72 97
163 143 92
161 94 103
33 120 69
208 185 44
51 234 44
68 138 72
70 210 3
218 126 101
208 89 35
184 158 57
122 86 19
184 180 50
9 145 115
201 118 62
67 102 41
69 170 16
211 172 32
35 87 90
199 61 39
26 177 55
228 65 57
36 181 5
104 123 40
58 89 5
197 88 52
32 158 40
172 134 30
53 102 43
60 233 41
156 24 106
107 17 89
77 220 82
226 90 61
218 80 95
93 42 99
2 6 13
13 178 4
128 232 85
95 224 113
124 146 6
27 185 44
230 27 14
76 186 60
46 169 64
37 194 77
116 128 34
119 73 46
120 201 29
56 61 73
157 117 99
115 144 23
189 71 43
14 148 24
96 194 113
91 163 81
227 44 108
202 95 95
220 215 94
234 36 115
3 125 95
85 5 116
118 127 46
178 141 61
121 170 106
165 26 31
168 186 52
231 85 56
132 70 34
166 70 84
26 73 72
171 159 112
226 42 13
49 152 1
187 38 20
49 135 6
74 68 35
75 231 13
172 128 105
15 59 94
61 85 75
232 189 115
106 112 25
39 93 49
114 45 105
55 94 61
190 100 104
109 107 108
46 45 51
53 227 5
130 220 108
212 149 59
219 188 114
199 227 63
97 38 84
131 26 38
134 216 84
68 23 7
67 69 109
125 54 73
8 116 78
143 93 102
232 9 0
130 141 30
121 170 78
225 66 13
52 132 97
214 201 110
13 33 54
25 90 23
195 98 5
116 6 54
118 3 50
5 65 20
119 186 108
204 108 80
80 160 113
105 139 68
220 85 42
34 110 87
136 2 79
52 50 22
228 100 68
110 105 99
134 225 48
92 126 107
49 139 67
139 9 25
126 161 71
79 195 103
122 29 66
28 13 29
108 173 81
192 48 96
106 182 114
138 40 85
44 21 12
111 92 98
14 151 114
2 230 102
32 49 65
231 77 8
79 118 102
195 75 36
113 113 41
21 183 4
222 228 5
93 104 17
207 50 4
13 52 103
182 16 50
76 12 31
219 24 67
64 151 99
125 29 3
134 50 39
46 204 70
48 62 68
75 202 14
184 215 12
54 94 15
207 171 101
67 87 64
113 151 81
166 209 3
29 40 72
144 86 11
183 67 46
24 74 51
149 23 23
24 9 33
81 217 50
151 216 61
10 95 51
187 193 46
158 223 87
111 64 73
201 179 92
118 203 56
2 50 86
33 6 53
159 87 112
153 4 60
234 181 82
164 66 21
67 224 18
178 33 80
72 166 65
33 49 21
167 218 78
89 16 15
21 108 59
102 26 89
165 193 41
19 122 112
67 189 60
35 64 75
67 68 51
211 33 23
88 200 53
182 55 26
214 76 91
98 111 75
86 208 113
20 227 44
20 227 10
176 194 97
63 194 29
47 170 2
81 190 74
29 137 85
161 48 99
166 146 112
130 232 56
51 184 3
27 204 90
192 78 101
118 141 95
113 120 42
74 133 47
0 163 93
216 21 67
205 188 18
3 15 34
8 233 41
6 25 32
95 217 58
212 33 77
219 78 13
94 152 16
158 152 2
57 65 114
3 36 80
195 206 93
150 214 21
54 153 16
94 13 97
213 157 12
169 142 13
11 168 90
222 23 96
57 80 81
81 16 51
58 211 107
217 58 50
208 44 10
88 139 66
185 49 65
81 218 6
222 230 38
45 149 80
188 138 110
162 220 77
103 43 116
16 26 29
75 166 78
219 19 52
141 136 9
221 217 5
140 204 63
159 182 83
35 135 56
90 62 86
161 98 30
140 114 86
110 121 42
125 105 9
43 178 95
178 165 69
61 2 70
106 162 51
232 129 97
26 219 76
41 77 19
31 149 33
146 25 51
25 150 83
22 125 68
155 68 59
36 61 73
54 167 10
18 96 78
118 123 14
213 96 12
170 59 83
174 205 10
63 230 95
225 184 17
27 104 43
229 73 37
130 127 64
194 77 88
83 196 39
192 106 109
6 41 94
38 147 80
95 211 98
234 133 29
29 160 97
59 154 103
218 216 23
7 175 98
128 191 108
68 80 85
173 86 60
33 125 54
99 220 3
159 152 96
101 113 39
79 172 19
130 155 99
5 95 43
192 223 48
38 223 0
156 93 29
81 127 100
154 226 95
134 82 110
13 115 23
51 194 16
176 21 116
214 193 24
192 151 63
127 121 38
141 42 49
174 124 61
97 210 38
6 41 78
233 54 84
104 38 23
146 146 0
41 125 36
31 82 103
9 141 64
143 215 16
135 154 113
19 17 59
61 190 91
185 120 62
122 156 105
186 68 28
203 41 36
178 73 44
70 82 113
181 157 114
168 57 65
143 76 67
93 69 87
17 20 2
230 74 57
11 192 36
173 160 44
225 104 115
56 106 56
196 52 24
149 153 44
121 228 84
109 19 41
152 36 112
148 31 19
232 209 7
82 147 78
208 69 22
104 57 60
14 19 0
150 100 104
208 221 101
107 28 71
75 112 95
231 25 96
158 189 73
42 203 43
19 108 53
32 212 8
83 227 44
119 74 8
72 47 92
19 86 14
220 162 62
222 158 26
119 81 70
58 123 79
8 75 4
95 39 64
172 55 61
199 174 19
92 11 109
139 31 22
145 16 54
29 171 62
104 55 43
66 46 15
232 54 57
36 82 52
219 186 70
160 150 101
107 175 4
33 79 104
46 156 26
221 185 65
16 222 105
59 53 70
226 50 14
164 86 106
142 71 110
107 163 59
79 202 79
230 0 50
176 214 60
71 132 86
137 81 17
191 140 40
222 131 105
73 228 112
6 135 113
57 8 53
191 19 57
29 14 106
114 123 0
120 126 5
8 29 76
187 152 11
116 139 50
27 213 15
25 151 75
26 141 45
122 29 37
185 58 32
181 104 30
155 156 24
27 165 111
215 49 2
6 165 12
163 124 39
78 150 61
60 108 70
51 163 104
228 45 8
116 226 57
128 147 86
31 174 55
130 87 87
146 93 94
233 21 65
163 99 100
9 91 78
231 74 53
179 67 60
117 184 87
160 77 114
57 108 51
186 170 68
62 81 60
34 11 66
199 174 112
143 115 28
196 111 84
108 222 70
134 37 31
84 129 81
180 186 21
148 70 68
203 132 96
116 98 12
50 63 66
182 138 98
4 31 48
135 140 11
30 206 111
42 55 43
62 168 1
191 13 50
19 149 22
96 30 11
116 13 72
7 195 60
82 131 63
201 198 8
171 229 61
11 203 63
147 30 13
0 153 79
158 173 72
77 201 41
95 14 64
107 21 114
23 104 112
206 2 16
58 173 12
117 116 4
96 28 84
7 29 19
167 119 110
173 129 103
210 224 10
191 96 109
65 120 53
71 23 91
40 81 11
3 131 30
33 227 86
93 166 40
72 99 59
224 204 49
206 111 116
202 0 99
220 65 57
106 136 54
94 176 98
186 111 112
160 144 53
94 170 52
57 7 59
71 164 29
147 135 111
211 103 6
1 88 51
146 126 9
79 152 11
26 104 38
103 196 103
37 55 47
205 112 112
169 115 45
102 27 66
79 171 47
56 172 2
99 84 69
210 95 115
194 121 14
222 157 41
160 126 37
32 96 42
79 30 105
123 64 29
0 76 60
146 132 41
146 163 50
37 70 108
12 197 92
92 184 102
132 109 75
228 74 63
132 153 114
152 209 23
200 141 19
115 52 86
203 198 40
72 167 20
37 180 14
222 37 49
94 101 18
92 94 51
186 159 37
174 76 11
226 208 39
120 21 30
10 156 102
63 161 81
119 130 92
137 117 11
105 211 7
114 68 2
197 186 4
62 125 23
137 116 57
49 168 59
181 110 48
42 174 86
2 225 36
74 128 107
183 233 50
158 112 46
160 6 52
86 68 43
21 205 54
96 20 92
192 201 11
209 175 73
153 109 64
226 115 105
114 63 11
45 154 12
144 11 53
26 98 44
133 51 101
121 147 31
209 104 87
105 10 19
175 163 5
1 87 29
121 201 93
73 178 97
0 87 21
169 46 104
171 111 7
143 232 32
68 138 88
126 9 1
56 184 79
96 117 9
184 4 26
100 9 31
170 176 80
183 110 99
227 46 14
86 190 102
25 190 116
234 13 55
52 1 98
133 30 77
65 214 107
131 79 50
72 181 46
100 129 22
39 53 115
88 140 88
135 97 89
85 96 66
211 81 39
218 214 23
108 211 37
169 107 46
171 111 41
115 144 21
2 183 92
102 36 15
22 103 57
131 120 50
19 28 7
75 12 102
93 52 5
90 154 70
166 22 96
120 137 34
135 139 90
37 174 44
178 196 0
181 92 50
46 43 28
158 50 9
15 75 70
83 165 85
190 96 82
106 148 106
234 49 53
174 18 37
151 197 30
163 75 110
60 53 100
153 212 37
23 227 63
113 75 85
53 197 23
16 69 33
117 0 10
54 107 35
165 23 111
101 186 50
61 178 32
65 97 52
52 120 96
114 165 41
38 219 85
226 167 69
161 49 27
76 103 48
10 200 49
73 233 41
212 60 41
169 125 100
103 109 88
196 155 85
129 194 39
191 185 32
20 43 30
84 52 88
187 62 7
78 136 31
87 45 35
39 214 108
21 14 55
123 142 65
87 36 86
36 227 24
84 12 28
181 28 88
11 215 111
110 225 90
139 77 76
228 49 90
139 70 67
160 125 103
102 212 5
169 13 70
119 29 18
45 143 97
22 154 17
62 29 26
170 100 61
20 93 45
84 233 57
94 158 68
11 192 57
131 59 43
176 178 56
233 155 0
15 178 80
180 172 57
101 40 81
198 60 46
109 77 62
22 103 67
60 47 8
75 178 79
36 51 70
27 49 114
92 232 78
145 177 40
92 210 111
139 105 111
44 214 25
115 1 15
208 61 88
91 137 110
201 105 36
186 64 105
91 157 76
107 234 61
60 91 85
220 230 94
205 207 3
200 19 83
230 227 71
140 15 4
92 216 42
96 99 17
82 123 26
132 230 43
224 222 102
57 139 52
230 41 44
79 6 35
165 168 81
10 5 51
158 98 37
177 126 96
193 208 99
130 38 113
234 27 61
127 84 54
182 11 76
209 91 23
187 188 29
157 198 52
142 54 76
41 231 9
40 189 83
93 17 109
74 183 53
208 75 94
12 22 105
160 163 66
178 115 60
130 37 43
88 180 7
75 153 100
189 125 107
209 151 53
31 225 76
116 130 35
150 142 97
195 234 74
96 178 94
49 5 17
201 93 105
104 169 44
4 55 60
25 29 112
230 61 69
216 109 109
142 24 43
91 219 51
203 80 30
127 62 115
21 28 17
27 133 15
187 69 12
2 94 68
135 89 82
23 2 85
41 145 53
134 1 82
227 204 108
27 28 76
0 217 18
234 9 57
98 128 60
86 62 17
36 197 76
213 220 90
98 194 84
175 25 38
69 17 15
142 45 110
43 212 105
139 211 83
133 75 90
196 93 78
50 61 22
228 207 0
105 2 6
196 177 61
219 178 98
144 86 21
97 61 62
199 200 14
7 98 95
111 226 83
111 208 45
172 133 65
218 3 100
156 131 74
187 48 82
167 192 92
125 221 64
60 185 5
138 124 78
224 1 109
168 44 115
37 216 33
114 199 81
26 120 111
47 4 21
179 104 50
162 229 85
206 221 92
147 124 37
118 113 106
80 213 26
182 183 64
114 62 82
50 88 85
49 67 19
164 179 65
100 106 22
90 10 69
197 89 81
125 208 49
222 220 21
127 100 55
14 214 88
199 29 92
34 78 25
41 174 85
152 39 13
189 61 86
144 23 86
224 81 68
114 68 24
217 195 70
201 141 111
79 105 99
145 72 41
43 113 40
120 198 42
0 84 13
58 229 36
205 150 30
22 29 91
59 178 11
197 144 68
11 224 13
89 66 17
178 109 110
139 161 5
139 93 53
200 83 101
217 53 113
80 75 10
178 135 37
70 29 3
202 40 9
37 61 19
112 5 47
232 144 61
12 215 75
111 180 24
69 95 18
9 107 90
146 51 43
226 53 64
215 20 8
126 224 103
102 33 27
120 197 33
230 209 46
131 18 101
116 19 85
86 28 39
131 106 64
9 97 22
82 78 109
196 136 93
136 3 4
13 55 56
34 218 11
134 114 38
12 162 5
85 13 14
30 77 77
193 18 90
106 100 69
39 61 23
128 197 89
183 210 57
201 176 12
125 75 7
67 20 65
195 37 89
48 67 51
76 192 101
66 63 69
133 34 82
102 162 113
6 43 85
200 9 113
75 134 33
64 133 29
147 93 81
176 141 111
214 150 33
103 148 8
25 46 6
8 148 3
188 86 4
109 52 54
139 127 36
176 123 83
233 202 105
24 76 84
185 55 96
167 91 115
45 116 82
192 124 44
130 77 44
180 119 57
3 190 62
128 63 77
150 61 29
198 85 28
84 202 103
120 134 16
1 111 48
163 0 47
171 130 10
31 75 21
109 11 55
80 71 39
105 153 108
98 48 109
99 132 36
156 184 17
0 185 60
196 46 65
212 217 24
170 180 60
80 55 87
44 67 36
139 172 96
227 203 12
97 234 89
101 155 85
171 88 102
117 49 85
63 193 89
140 129 40
224 141 92
84 186 84
15 22 72
31 182 84
96 44 31
59 78 7
206 181 27
0 64 12
76 59 20
66 131 51
168 120 104
91 136 21
80 83 53
106 115 75
100 211 79
94 202 89
107 173 5
208 106 111
123 182 4
163 180 69
98 113 112
174 204 112
133 217 96
182 88 31
111 189 46
16 215 115
166 19 76
27 227 33
188 47 71
105 210 23
153 73 69
186 12 44
189 145 34
207 25 5
105 68 18
78 16 105
87 182 39
134 209 59
119 94 71
219 131 84
28 217 12
118 168 96
178 122 92
151 26 52
145 63 52
25 142 32
120 161 70
166 60 54
204 180 97
221 164 73
214 124 42
45 8 21
55 118 99
211 201 23
89 44 45
202 69 96
96 122 46
172 53 76
87 190 9
96 176 0
1 155 73
124 132 62
180 188 12
55 96 52
124 186 82
90 85 98
129 182 98
95 51 110
122 70 55
25 166 26
25 168 73
149 57 104
145 169 86
24 156 100
104 46 82
161 136 73
52 30 115
232 58 11
230 180 62
184 137 1
79 162 115
61 8 106
108 153 112
108 177 105
38 214 107
17 140 36
14 124 105
26 53 116
189 48 17
20 232 52
184 8 81
47 2 73
65 110 66
86 219 74
195 189 31
183 138 115
171 153 73
189 111 3
31 232 4
151 17 5
7 134 30
125 113 37
84 178 13
60 29 32
214 224 67
44 104 72
181 207 15
207 162 95
51 125 99
111 41 80
100 216 27
29 106 67
196 122 61
170 114 112
60 94 89
3 70 101
84 17 43
16 224 22
59 208 37
31 16 0
188 116 46
9 145 45
178 38 37
223 140 99
62 132 61
57 135 71
89 220 104
94 1 10
25 227 27
14 190 20
211 144 100
86 85 64
67 196 54
170 184 96
152 11 92
93 0 111
104 90 96
132 184 74
81 141 107
171 87 71
41 230 25
195 81 113
24 148 61
225 15 37
165 100 25
3 193 8
143 62 66
33 194 8
91 207 80
141 75 84
78 117 22
160 77 33
24 33 47
16 23 99
192 121 34
144 124 52
28 199 74
3 232 98
25 20 18
189 161 72
138 4 37
14 96 13
206 52 64
176 68 106
162 25 11
12 101 95
223 62 107
25 65 37
189 22 65
90 212 64
233 115 83
191 129 32
225 32 22
225 209 116
13 68 104
89 80 13
221 68 62
14 94 84
39 48 87
84 70 24
222 0 1
61 191 7
232 182 76
153 104 20
74 49 45
187 70 57
99 56 4
73 2 54
112 41 83
106 57 109
76 211 54
94 37 85
172 202 97
215 52 27
164 58 87
14 177 43
44 42 96
210 47 2
99 92 21
36 198 101
210 206 72
149 232 6
212 170 31
154 82 74
132 12 6
227 193 49
157 2 87
75 144 65
162 8 57
222 44 22
104 186 113
197 101 74
25 10 20
54 97 27
68 229 92
139 154 37
221 76 27
209 84 53
10 178 43
205 166 89
228 35 57
222 233 106
46 190 98
140 9 109
81 9 60
34 149 37
112 135 72
193 42 39
184 52 24
183 189 69
158 114 30
85 101 86
212 80 9
183 220 54
114 233 60
40 199 24
52 8 101
141 202 26
10 151 77
58 31 77
37 121 50
52 139 96
163 116 46
63 231 26
139 111 52
156 83 110
156 136 99
223 42 34
29 52 97
54 111 64
33 80 46
127 64 90
20 228 68
227 56 55
185 127 67
72 48 25
91 136 71
118 56 66
112 17 16
189 71 74
229 105 75
223 164 37
54 116 48
1 109 106
179 226 31
166 230 1
69 86 39
207 136 3
220 180 12
149 134 50
190 60 54
76 49 74
26 35 91
137 203 11
68 147 106
59 78 66
197 79 109
69 51 87
165 203 47
44 118 62
161 73 81
148 81 21
231 107 79
128 176 89
134 10 106
131 1 60
56 198 91
234 199 38
78 130 71
35 106 102
127 32 66
211 180 49
109 108 78
209 2 83
42 68 44
189 132 109
112 188 45
47 119 9
200 197 98
86 233 102
23 57 60
199 33 15
222 142 41
49 48 7
120 22 8
66 143 54
179 188 73
21 167 57
62 132 82
165 218 90
71 173 110
77 138 11
127 125 26
50 174 0
143 226 33
69 224 82
59 169 100
2 190 40
64 184 46
187 114 83
142 185 10
17 194 115
229 86 75
44 68 96
75 143 111
59 144 60
119 203 40
200 137 86
145 133 101
222 86 55
215 160 61
78 177 29
147 171 102
205 148 76
35 155 77
23 146 100
168 31 84
12 163 78
46 6 46
196 228 58
225 140 77
136 150 96
6 229 0
61 199 48
185 234 18
217 190 27
90 55 63
167 68 76
147 46 116
25 8 101
224 165 116
45 67 52
43 5 15
213 67 78
228 184 94
95 166 56
41 21 24
85 189 28
225 101 15
68 58 107
140 47 103
49 24 54
108 67 106
94 213 9
113 206 74
63 234 27
135 40 63
194 57 33
155 215 15
94 48 55
208 120 83
17 169 59
61 210 58
110 69 90
158 114 75
155 177 21
15 9 83
63 204 58
66 56 32
101 82 4
127 222 77
199 171 3
228 232 81
89 107 70
163 197 58
72 49 13
216 64 106
96 128 12
34 126 99
51 227 31
117 119 32
0 16 67
52 176 61
12 30 16
41 125 56
116 129 12
66 110 15
26 207 13
53 173 39
137 225 98
234 107 10
16 107 94
204 91 25
154 103 11
144 76 109
29 193 55
198 191 92
196 149 82
187 203 61
136 105 60
177 36 73
103 219 60
211 188 24
26 108 37
37 184 39
106 213 79
69 108 42
142 2 44
188 189 88
104 22 28
10 200 13
23 0 74
75 211 35
150 169 62
162 207 65
183 10 80
93 79 106
195 221 54
212 106 43
128 210 91
150 220 83
72 175 8
46 15 66
141 166 61
109 25 98
194 140 53
189 166 76
57 126 47
163 35 28
154 96 67
168 178 3
79 15 2
225 61 9
113 135 47
102 9 25
63 135 101
201 21 97
183 79 55
83 174 21
90 25 82
73 194 22
208 205 88
48 196 109
71 74 4
25 176 58
172 171 90
156 137 65
71 17 77
112 100 64
121 191 69
158 196 56
206 169 108
201 149 104
190 221 100
78 178 51
143 47 22
109 203 88
28 39 58
193 152 1
62 205 30
123 129 95
144 32 82
67 166 100
186 121 18
144 199 11
43 40 95
212 149 18
116 109 91
136 234 28
89 61 84
98 116 86
67 192 56
138 24 81
55 210 26
193 119 107
39 94 32
168 71 114
198 119 56
32 20 52
185 42 38
5 72 84
190 139 0
104 209 2
184 29 75
82 222 87
179 27 87
14 127 77
164 90 26
189 122 111
212 72 87
161 10 102
59 200 17
81 1 11
128 117 87
83 199 20
89 75 43
121 21 17
157 186 90
10 140 95
50 49 73
132 210 96
51 201 17
41 48 104
173 108 109
168 123 36
82 144 3
190 31 22
190 120 78
46 62 16
192 112 89
107 176 8
32 227 67
89 201 23
147 139 6
87 4 79
158 86 97
1 208 18
101 164 25
152 210 29
40 99 11
213 138 49
58 102 9
104 191 16
199 35 81
99 54 56
190 144 58
123 146 11
87 179 40
104 29 23
115 69 21
3 214 14
68 204 85
126 6 8
13 137 13
40 1 83
4 123 18
221 12 46
176 31 72
61 67 45
88 182 87
214 186 55
176 19 72
74 77 57
95 23 55
83 230 61
194 234 27
147 152 49
10 26 6
220 87 64
57 107 111
63 18 43
48 195 26
169 201 35
62 228 99
91 76 54
122 203 61
208 115 52
71 125 37
200 111 46
94 100 102
171 95 98
130 143 38
41 10 18
197 72 35
208 95 92
147 149 48
86 122 28
41 125 67
90 23 4
90 117 1
197 220 5
87 116 73
173 89 42
224 51 76
201 25 113
19 104 110
40 122 70
108 163 33
66 185 15
68 40 69
102 2 63
231 90 39
201 195 23
181 116 30
165 82 52
10 33 15
171 5 88
151 113 87
22 112 29
151 112 97
95 214 11
92 142 102
69 109 58
135 55 3
18 221 80
93 231 39
38 99 36
37 15 86
32 205 35
145 121 110
231 216 67
84 5 29
126 6 57
196 142 65
79 160 108
45 186 76
212 224 68
149 193 16
199 157 80
127 0 30
98 231 54
49 12 96
142 138 47
109 31 68
63 42 50