658
485 355 1
566 417 260
304 355 205
142 135 52
329 67 85
485 200 322
88 159 78
382 123 180
330 408 118
80 141 206
498 653 232
500 561 320
128 234 44
4 402 205
385 73 272
168 558 169
490 15 26
594 397 175
142 95 254
260 175 93
138 42 88
370 568 17
388 38 277
103 42 21
637 453 121
606 621 47
144 479 62
499 442 156
371 584 252
626 187 124
416 325 166
175 63 76
547 451 114
496 580 182
188 559 4
6 534 322
383 20 170
116 545 283
273 284 209
525 252 93
320 36 115
184 237 205
615 127 327
401 649 276
280 205 177
639 212 79
330 595 125
500 53 38
480 326 323
386 219 272
480 566 309
292 92 217
168 49 41
496 476 32
114 125 238
317 132 121
423 462 58
548 330 111
587 152 135
278 539 51
221 387 288
227 21 51
471 190 127
183 54 300
545 194 96
480 537 229
601 302 59
27 219 61
164 174 239
628 452 120
48 41 204
7 295 226
85 108 113
212 291 167
209 204 32
306 26 266
561 627 240
620 22 130
378 187 1
289 183 124
106 231 191
311 239 157
563 350 265
347 588 254
185 139 129
243 471 182
180 374 177
446 363 200
273 109 58
274 398 241
95 531 170
616 184 106
141 89 127
433 462 57
358 15 196
513 258 10
37 464 81
215 253 141
415 552 251
170 169 17
108 264 219
278 248 74
55 416 189
182 191 322
265 575 34
488 456 318
524 494 125
276 77 75
444 518 298
37 56 164
54 164 100
603 469 45
45 524 132
261 75 20
280 366 292
315 196 91
633 62 282
126 365 30
530 151 245
197 214 301
32 268 136
158 239 302
559 311 169
33 572 270
409 220 307
43 561 201
160 537 263
113 5 325
169 562 147
85 101 58
83 159 327
246 318 263
219 219 271
85 278 211
26 55 103
360 125 6
258 285 240
218 425 272
544 594 176
388 48 303
447 131 133
142 377 148
102 623 38
374 50 14
585 103 69
385 489 194
89 89 177
329 307 273
601 193 209
145 608 283
448 397 86
279 539 160
427 641 151
163 383 202
203 311 305
298 64 162
519 153 251
367 483 229
640 426 120
217 598 70
527 388 138
284 35 45
470 463 54
622 652 109
192 197 117
523 521 181
27 382 6
278 91 160
204 99 283
324 343 223
420 212 309
229 522 41
629 360 201
355 350 195
490 542 89
278 433 282
130 460 6
162 106 124
651 311 249
303 3 289
552 424 198
558 21 62
600 651 120
472 374 141
339 232 52
454 510 156
433 8 314
137 197 91
590 190 73
536 519 77
168 414 198
63 340 219
455 282 238
601 97 283
439 462 212
188 284 90
345 60 99
330 197 296
421 155 183
192 59 71
624 253 182
164 317 193
383 140 173
622 83 270
602 522 100
157 53 55
247 424 115
372 122 9
36 569 164
575 103 224
343 95 148
525 259 136
415 643 276
588 633 56
226 603 276
326 128 26
53 402 121
523 142 269
533 205 180
39 122 310
289 491 76
135 358 7
271 141 18
574 72 19
327 298 293
603 651 119
300 46 192
447 569 5
58 444 210
265 510 29
575 167 191
322 302 246
355 600 85
399 542 157
418 211 152
409 157 145
554 483 217
417 273 129
448 357 270
27 622 148
411 565 316
629 256 315
572 611 257
657 379 141
156 165 24
6 600 207
480 496 32
395 281 2
195 98 31
491 151 21
8 562 258
324 559 185
310 474 164
265 473 240
77 656 77
127 4 19
334 510 213
393 247 165
92 468 289
123 328 111
171 336 16
126 28 246
337 364 88
527 629 233
439 75 231
516 202 261
561 563 113
445 324 58
637 416 197
268 540 222
51 79 229
422 205 257
36 542 293
151 411 264
55 218 10
641 76 239
573 6 144
383 477 139
441 456 252
336 93 160
558 170 239
459 618 141
413 22 25
74 173 134
365 228 23
72 237 126
640 152 158
481 536 306
646 345 131
570 23 224
401 582 91
338 409 77
479 190 99
505 265 299
336 630 224
385 70 133
537 53 285
37 560 189
15 549 206
501 487 229
422 230 179
513 568 285
590 390 173
57 263 135
356 625 107
252 352 177
385 232 256
38 295 159
228 310 76
131 153 234
57 575 161
592 456 98
219 414 185
89 472 145
224 196 112
357 474 161
561 201 90
159 266 57
344 520 38
446 651 218
351 50 161
539 642 315
637 230 71
519 345 240
6 570 108
118 269 253
634 172 152
67 358 115
453 70 306
517 517 325
103 236 72
265 143 83
251 122 10
19 9 26
260 15 267
39 159 234
318 136 103
167 203 158
282 24 229
285 541 114
281 645 21
380 278 165
463 555 313
144 574 323
196 176 35
135 241 195
395 560 2
169 95 231
354 378 255
583 5 164
65 313 151
415 35 126
277 498 23
288 10 269
308 206 116
343 367 55
564 130 312
263 300 78
165 654 127
91 605 159
585 12 143
433 453 204
586 99 70
609 413 106
549 89 312
34 458 48
418 365 178
98 628 175
505 162 197
1 279 170
160 232 182
0 8 4
559 594 129
300 571 213
77 489 328
86 523 128
489 309 164
339 407 161
540 280 323
80 281 299
250 441 203
459 467 237
489 368 173
618 36 112
528 113 272
527 226 137
326 57 143
517 422 247
46 305 199
395 411 151
365 29 290
568 488 125
147 345 165
346 305 201
459 175 12
402 70 264
237 397 18
406 282 112
325 354 114
550 91 196
398 456 251
56 393 82
182 566 98
44 255 101
574 82 302
612 510 44
218 89 138
566 522 117
46 215 142
489 107 233
53 531 57
304 588 147
412 112 56
208 156 311
309 98 90
611 79 271
352 297 58
490 231 251
304 303 137
446 134 270
47 213 143
131 518 99
607 272 237
360 506 64
368 157 189
458 137 268
401 489 262
459 348 191
381 652 165
544 467 326
182 540 210
325 13 96
451 647 66
30 349 243
424 60 72
310 518 235
275 287 92
537 88 137
425 495 132
617 407 296
285 589 178
166 283 218
618 76 207
26 106 227
598 556 313
38 208 174
273 483 132
392 389 247
200 182 110
29 141 189
325 426 120
530 619 74
90 605 150
323 631 283
247 597 181
232 636 87
103 277 267
235 11 24
508 212 207
619 267 45
479 593 169
296 491 130
371 581 103
547 272 76
172 519 15
380 93 19
138 196 297
405 458 5
430 308 243
5 295 182
379 116 143
548 413 305
46 152 254
149 67 197
225 266 58
267 646 178
286 152 45
583 557 200
286 329 180
200 360 146
382 82 289
551 630 70
527 19 248
452 168 315
17 394 278
76 3 292
254 315 115
654 267 15
197 553 41
74 95 73
246 504 155
535 397 153
631 293 172
221 87 12
563 131 103
512 207 132
476 487 118
617 509 56
632 48 280
371 148 73
470 395 274
651 272 39
146 272 3
319 493 117
28 398 248
131 279 152
289 123 7
78 82 213
161 57 288
138 454 107
237 266 173
182 285 143
577 431 86
580 118 276
65 146 43
339 303 322
188 592 116
550 39 198
106 226 281
394 364 103
172 602 66
372 126 22
212 71 125
324 652 243
271 85 87
643 425 61
4 639 22
120 532 61
345 638 287
652 374 19
124 572 292
519 312 116
542 524 187
364 190 207
278 488 319
391 499 86
124 504 93
475 650 296
233 337 276
217 358 18
565 482 288
200 369 271
13 253 164
529 643 51
434 290 210
424 23 52
207 147 253
629 648 245
268 223 280
570 466 6
615 374 159
574 600 199
213 639 150
403 510 135
126 312 96
362 78 120
440 311 293
364 283 284
307 577 204
587 515 39
593 498 84
449 440 52
16 654 33
521 425 240
328 551 250
450 282 328
596 64 8
258 455 317
568 104 236
469 59 119
179 20 289
289 469 71
341 511 93
400 375 190
338 71 109
588 521 62
284 486 153
292 86 279
609 654 80
213 465 165
333 13 185
319 302 325
61 12 204
484 412 250
42 118 321
151 48 211
569 359 39
393 651 151
40 629 173
475 184 6
311 543 19
167 204 322
518 292 5
64 144 114
644 186 233
4 363 307
544 274 8
280 9 2
102 75 302
604 550 183
282 203 95
656 396 299
649 256 262
22 347 103
466 359 289
396 363 324
374 250 269
54 556 305
385 1 77
55 631 299
593 281 199
359 280 293
356 297 220
644 320 264
419 154 294
379 550 26
71 266 276
38 320 200
40 47 201
117 128 175
113 90 153
339 449 104
303 173 99
549 160 90
485 579 244
147 326 136
173 424 73
475 488 91
18 528 164
245 13 293
420 127 54
271 492 200
401 137 45
171 28 231
261 539 178
531 29 201
35 228 296
464 46 126
555 64 22
61 335 36
380 98 189
131 395 23
358 138 160
100 310 214
2 597 96
509 471 151
52 532 50
46 338 122
527 261 212
221 323 219
612 71 14
472 229 80
192 587 218
49 29 225
592 57 165
385 566 4
207 644 207
284 58 243
406 586 175
619 175 195
509 129 293
523 627 193
274 161 148
189 210 177
415 170 260
606 556 168
636 131 180
514 415 239
125 190 167
656 151 13
193 28 168
512 551 137
376 193 324
221 382 231
69 165 72
26 113 325
523 91 154
401 632 266
311 99 127
175 123 304
214 343 3
382 197 225
545 600 89
211 163 169
113 259 5
211 285 119
208 177 210
362 578 210
299 257 310
453 432 104
99 646 144
432 396 13
25 283 284
444 520 118
613 1 74
289 212 31
105 446 208
13 176 154
552 476 82
559 297 185
6 396 199
505 196 292
518 222 246
499 34 134
618 15 135
389 330 44
420 436 162
654 449 9
150 343 182
561 245 150
114 277 244
339 124 111
302 11 30
574 510 64
50 496 79
185 228 107
559 16 214
89 13 31
427 189 71
610 119 13
457 259 290
43 599 112
484 243 149
540 160 1
605 236 169
52 422 94
488 349 110
70 464 149
101 233 36
502 211 181
515 11 111
174 54 52
641 564 322
461 447 153
159 420 60
354 472 179
119 329 225
585 399 31
431 501 291
467 345 173
648 228 184
457 428 239
180 411 171
173 240 289
352 400 77
110 96 221
315 242 221
238 169 291
598 600 160
586 436 176
102 452 102
286 251 201
551 432 310
91 631 221
77 352 292
484 462 86
47 145 328
623 383 194
256 324 136
417 278 243
290 380 38
418 35 289
291 612 89
601 45 89
519 123 112
180 607 271
595 22 87
620 645 142
156 269 163
318 54 112
233 371 190
626 131 251
612 448 205
399 417 277
159 305 97
297 485 72
265 448 94
352 410 107
191 592 73
380 252 154
190 511 222
380 505 50
631 486 170
204 227 284
481 412 260
249 77 113
650 342 232
441 62 10
245 280 273
319 2 223
499 218 102
392 624 279
442 597 107
309 170 31
620 651 140
577 269 217
362 287 256
620 97 318
631 342 295
601 29 324
192 554 213
295 288 180
271 99 145
75 434 315
106 422 6
575 342 301
489 72 259
87 34 27
431 33 67
398 635 96
393 195 19
632 490 307
154 103 103
300 178 235
641 310 328
318 253 38
290 84 110
576 197 171
300 629 204
367 395 207
490 156 74
509 130 235
184 311 36
643 637 240
220 620 222
245 307 146
613 623 257
394 541 125
262 210 122
138 577 188
16 435 41
90 312 172
23 523 154
85 508 133
325 70 121
218 315 99
391 296 65
648 33 303
444 321 184
264 459 130
478 502 236
191 618 246
60 641 111
214 94 290
373 420 57
520 6 69
291 397 37
53 387 96
356 200 88
238 464 219
39 284 63
301 475 23
218 535 33
26 117 153
316 516 244
70 379 251
140 38 319
532 117 75
299 499 275
387 79 81
303 144 62
63 446 209
442 6 112
172 33 256
654 375 140
241 446 190
518 612 254
534 486 68
280 153 239
226 540 318
4 212 134
67 301 277
631 85 309
440 257 39
367 280 86
179 521 229
395 407 209
18 283 63
415 564 216
654 158 124
341 163 7
172 256 309
449 229 91
100 11 20
469 405 326
581 610 189
507 347 293
387 391 247
121 149 179
8 171 9
461 512 198
495 52 125
172 527 51
592 654 88
638 491 164
306 414 116
521 289 161
485 18 223
101 165 69
280 199 241
618 28 121
513 523 200
638 63 69
386 656 65
146 4 227
336 311 9
479 174 298
311 28 13
560 129 178
301 409 48
239 396 77
31 251 297
560 258 32
327 644 56
89 132 60
317 495 42
352 316 243
19 627 297
361 555 97
237 224 203
285 463 296
388 521 245
357 449 174
415 118 186
471 208 16
531 551 182
271 271 169
185 290 164
179 20 61
276 257 286
176 568 117
499 325 309
415 24 101
615 465 219
143 278 124
488 177 17
38 448 289
536 1 276
371 180 296
130 482 224
87 1 161
533 526 157
211 283 207
312 240 14
557 409 318
353 266 166
67 304 286
53 183 313
330 580 165
652 52 318
548 165 16
406 67 213
563 278 167
112 616 104
152 515 211
470 236 148
333 330 123
645 383 3
301 81 255
137 76 307
481 650 170
169 398 237
382 329 186
247 441 144
377 619 27
259 431 290
433 132 291
228 120 42
231 421 124
183 584 226
188 407 218
358 602 313
595 353 313
478 600 122
319 345 83
17 631 211
636 406 14
295 2 160
338 260 252
488 443 204
56 631 283
300 357 253
284 294 277
623 140 245
113 459 262
222 503 261
130 507 9
144 145 12
331 483 272
280 313 83
156 395 57
465 37 111
60 347 103
9 338 243
609 451 45
239 15 245
500 171 94
510 315 239
548 14 90
162 295 100
271 451 166
328 258 229
137 344 247
240 379 256
483 331 75
554 570 116
470 439 287
262 291 300
172 207 314
618 395 280
60 8 99
582 363 54
482 500 70
72 82 120
25 591 148
430 514 87
217 352 197
202 614 159
502 155 37
158 115 103
136 201 137
564 125 171
619 608 13
386 22 95
506 73 55
352 503 240
110 89 263
307 291 220
163 161 46
226 319 187
26 481 59
492 388 185
6 375 135
19 103 183
141 635 256
196 329 128
107 439 243
370 88 205
616 251 37
359 477 53
217 503 206
303 338 291
488 344 8
649 363 137
200 504 114
482 42 115
610 175 225
195 572 11
97 530 262
160 232 108
543 475 282
117 120 291
105 634 3
442 651 64
276 219 265
61 44 5
202 22 180
99 244 94
136 367 322
398 528 251
506 439 68
486 582 215
145 29 217
149 497 237
542 115 127
149 176 197
483 405 246
361 504 161
126 640 225
474 406 95
396 281 231
162 109 155
48 254 184
620 403 23
528 313 164
24 489 38
247 340 114
493 43 315
351 196 323
577 38 71
14 435 23
601 597 158
427 13 84
309 633 184
29 530 195
523 580 26
561 169 63
346 5 133
29 356 0
352 275 38
423 316 170
144 259 109
631 54 148
57 363 150
597 393 48
134 284 299
186 187 139
578 559 144
408 588 198
408 308 170
473 73 157
340 243 113
147 217 168
624 300 228
445 265 318
164 399 273
489 611 157
300 558 58
141 308 14
339 85 322
181 584 93
364 266 7
149 413 250
14 406 248
268 219 184
258 410 281
531 241 234
386 541 134
115 51 140
485 390 225
504 597 151
623 330 88
302 505 199
249 545 276
497 155 166
353 439 247
2 313 186
236 41 69
397 182 146
208 35 234
130 566 173
610 531 200
66 201 47
620 451 263
238 290 116
102 11 226
375 13 236
232 276 303
657 41 183
474 249 218
50 405 126
250 383 0
121 449 201
524 412 20
129 18 8
600 146 19
169 548 59
76 122 32
51 147 73
234 648 19
478 66 95
605 316 149
631 464 269
200 356 49
247 511 94
584 454 266
300 623 156
30 67 305
62 118 149
135 378 139
483 199 206
604 172 219
424 171 25
62 397 52
137 644 235
257 570 57
524 213 22
48 269 89
353 358 234
174 493 283
10 345 179
545 317 48
107 84 245
158 146 314
566 309 326
169 567 239
226 433 149
274 507 115
363 203 144
623 403 6
604 413 22
151 327 10
529 434 120
445 618 292
127 526 273
454 37 182
35 289 312
539 563 161
654 269 61
470 260 161
147 206 246
195 358 270
560 255 46
378 42 6
341 170 230
614 624 267
164 27 228
147 592 133
6 588 99
93 426 57
584 599 263
198 162 318
139 65 244
540 443 313
243 152 154
473 109 146
83 299 199
8 473 133
496 479 89
622 598 187
350 550 154
310 90 317
655 255 53
570 137 193
554 407 16
76 222 151
248 331 122
447 339 266
606 204 113
38 194 79
580 544 301
405 222 88
393 219 15
472 158 178
362 54 256
405 157 176
582 405 178
401 221 215
35 169 116
174 233 310
254 155 222
226 587 115
314 348 32
26 189 190
560 551 270
184 324 98
31 275 201
210 18 119
122 54 288
238 228 219
548 508 45
112 102 0
556 417 20
614 469 209
146 371 128
417 556 150
212 613 96
439 165 114
229 287 194
215 551 120
434 441 299
176 553 73
506 478 187
552 434 327
103 581 67
257 366 320
78 604 275
174 386 138
315 615 122
509 198 16
326 632 128
626 151 50
396 25 225
583 577 1
607 48 279
371 331 13
33 410 289
335 610 17
144 293 0
292 171 225
308 497 199
134 491 47
513 229 98
106 180 43
107 156 91
84 527 94
452 587 201
83 290 179
126 434 170
153 68 12
378 403 180
603 537 40
348 418 269
117 524 147
490 657 303
278 109 198
398 562 153
296 13 114
147 140 245
317 319 11
26 39 85
232 10 319
272 358 105
568 476 326
386 334 325
386 612 132
281 353 36
106 649 49
246 164 215
163 507 205
174 533 270
614 134 281
275 406 310
406 316 154
403 70 159
425 482 140
557 106 164
619 238 181
37 484 17
252 647 221
155 189 123
96 145 257
74 446 5
385 194 19
539 623 115
396 391 269
207 316 72
397 278 310
578 341 162
292 619 178
514 116 38
637 239 210
236 313 24
267 66 245
641 606 210
428 370 272
65 577 260
466 316 235
473 236 273
306 555 234
155 411 48
220 416 287
456 20 297
480 287 35
67 271 9
278 67 50
247 132 298
533 624 311
439 439 244
80 113 141
315 269 249
34 515 33
18 339 53
315 161 38
21 255 6
359 559 73
435 148 231
430 24 197
83 489 307
657 570 91
495 253 57
113 287 269
146 305 279
200 646 138
567 36 64
573 421 294
14 199 113
245 629 163
442 81 21
446 80 288
537 601 212
292 56 170
561 203 172
512 429 186
18 338 222
411 279 315
73 319 211
541 564 182
376 374 263
94 162 40
382 67 10
265 359 66
461 263 295
330 143 66
187 187 101
107 598 51
448 13 41
330 554 302
209 298 18
170 392 180
236 142 274
246 407 304
339 236 264
634 566 104
69 122 291
499 229 231
577 19 270
315 375 193
644 584 188
4 96 278
211 333 91
485 579 196
486 286 103
93 289 38
526 358 160
489 225 86
417 170 131
385 486 177
249 472 103
437 502 200
386 81 204
504 566 151
371 395 109
474 488 69
512 382 124
14 213 20
455 657 191
257 384 45
434 1 214
538 438 58
80 193 140
639 39 74
461 410 166
596 252 22
336 107 76
486 147 315
178 603 314
66 228 66
466 5 67
22 543 203
106 649 67
246 630 132
347 459 239
184 398 162
536 102 295
612 589 140
295 135 85
610 227 10
44 35 15
112 57 229
644 163 246
79 436 244
211 125 72
147 335 167
309 213 269
631 193 226
442 489 58
224 467 285
234 511 17
250 623 100
176 609 264
94 56 68
35 267 219
436 414 225
603 92 136
241 65 0
493 533 160
223 99 298
205 333 152
223 609 143
323 154 121
613 248 177
49 309 116
268 88 227
191 33 16
327 300 81
656 136 311
159 385 81
154 590 112
3 181 63
476 531 217
268 512 162
116 562 169
258 198 257
183 389 316
199 58 288
307 83 121
289 268 177
397 422 109
180 426 317
598 270 190
513 538 70
43 22 303
541 307 173
495 490 259
509 31 318
139 364 98
589 654 37
134 419 130
269 599 253
586 565 194
144 446 100
215 490 123
215 399 101
414 237 288
345 88 16
360 253 52
458 210 74
192 344 164
322 639 131
273 568 38
467 80 156
594 321 14
85 563 84
541 319 18
171 32 132
516 418 56
568 244 292
10 436 4
503 127 315
305 400 251
15 235 2
197 171 21
211 256 255
624 139 271
11 336 1
143 195 90
529 131 6
518 142 139
194 13 266
509 319 8
128 360 244
485 583 86
506 136 40
458 128 179
72 139 187
402 283 79
518 180 210
195 40 49
361 260 89
627 137 79
636 265 136
222 93 87
5 625 223
45 426 48
251 524 214
135 268 168
214 154 45
450 350 111
197 53 43
615 48 180
62 26 143
527 274 236
285 280 203
205 351 326
279 602 192
493 79 157
332 319 312
403 112 30
515 335 109
255 292 157
106 354 184
275 249 155
511 560 132
83 133 155
106 412 125
628 248 231
127 606 221
465 352 30
495 235 36
604 490 328
104 596 50
314 214 299
140 93 227
273 202 31
125 309 115
579 305 34
481 432 8
71 240 31
430 103 292
467 50 124
163 180 89
240 494 0
539 2 93
109 301 322
495 426 302
610 374 278
341 197 78
21 294 15
78 67 119
371 560 169
495 91 46
584 331 211
281 239 239
46 374 212
65 211 6
367 164 77
342 531 301
117 578 266
133 657 4
278 396 261
447 259 24
164 212 26
401 493 291
8 565 7
575 630 219
253 365 80
356 49 282
657 193 203
595 326 228
625 604 321
558 419 251
582 609 134
305 378 299
294 386 206
630 304 205
546 583 241
626 281 317
606 307 181
506 244 178
431 237 150
94 137 266
16 87 243
177 419 292
147 55 46
50 53 21
610 600 301
194 568 280
511 542 258
363 390 199
567 163 107
85 257 271
22 300 29
620 477 145
254 650 200
326 68 254
45 21 196
346 215 132
323 94 17
581 457 104
477 392 294
585 477 248
198 525 219
582 487 64
70 109 56
296 435 125
550 506 172
114 195 58
273 518 152
316 468 306
91 287 40
82 240 214
331 464 107
247 389 265
641 485 71
394 123 203
216 42 52
59 182 273
143 455 159
321 113 298
298 231 283
35 339 194
275 12 27
382 260 113
344 269 269
415 5 89
316 222 131
65 281 314
9 451 137
497 114 251
164 439 179
144 474 189
338 118 228
391 500 185
175 187 125
470 628 156
231 286 49
59 351 28
44 386 150
511 252 290
459 416 71
6 560 243
550 266 32
449 26 203
634 201 61
456 14 58
284 271 15
359 330 64
84 375 121
260 254 44
551 81 157
648 113 85
562 5 49
594 481 75
495 483 302
582 282 13
640 592 284
327 319 286
391 430 29
209 32 309
280 609 87
134 600 200
575 504 231
650 467 54
93 304 209
395 228 188
106 211 122
61 564 138
373 323 239
428 532 298
79 180 275
495 315 217
392 258 90
295 250 228
20 343 203
255 80 128
114 186 10
591 274 245
98 647 239
8 418 140
3 523 320
608 387 3
496 121 261
283 442 182
511 489 196
411 86 303
540 227 186
247 160 157
493 258 147
429 293 262
266 322 153
284 272 211
642 137 30
575 420 143
125 300 0
19 53 87
19 593 314
205 183 171
34 44 101
536 499 91
166 108 84
345 418 54
254 402 217
284 345 308
124 497 305
454 516 30
238 561 320
249 134 200
420 194 270
218 98 112
335 264 246
91 636 6
171 232 105
388 516 122
367 8 316
41 488 200
400 68 103
62 317 237
618 106 103
559 350 227
342 28 163
285 145 167
646 316 70
94 46 283
571 439 291
229 480 122
429 248 216
558 337 205
137 297 8
595 198 29
494 567 83
25 194 228
218 209 215
617 303 287
242 242 69
559 471 246
23 268 166
240 194 174
142 357 142
176 295 37
534 157 301
315 208 193
214 426 73
430 411 73
85 653 315
154 554 154
72 604 119
264 212 313
109 354 12
277 530 4
643 432 161
313 89 66
177 330 189
250 128 271
652 213 292
6 368 215
489 466 161
608 98 44
263 207 95
301 510 322
635 521 96
493 176 212
560 353 213
446 603 12
60 623 251
378 629 316
593 486 124
96 462 222
495 67 126
616 395 307
609 372 171
403 207 18
286 135 69
525 582 40
234 10 6
156 388 3
473 324 161
623 446 294
214 310 59
37 268 125
345 220 194
542 623 72
257 277 208
326 170 132
393 404 168
399 586 227
428 427 222
260 393 37
581 633 18
337 12 286
488 383 203
353 267 168
425 551 142
1 245 312
159 638 84
327 405 39
226 176 137
474 462 227
511 411 202
226 90 241
184 604 295
387 299 260
582 93 153
421 94 95
405 254 76
186 607 178
554 201 25
60 18 185
642 555 267
516 124 55
428 334 1
91 89 301
22 39 65
530 461 185
626 234 136
70 420 86
577 343 287
603 429 305
485 413 229
94 297 50
504 93 55
177 185 144
175 207 184
266 80 13
451 74 247
259 144 9
16 63 49
632 34 149
635 519 260
561 640 228
611 486 322
337 5 178
178 180 82
59 446 188
401 266 262
345 525 77
52 567 167
101 541 201
606 544 63
208 473 45
133 426 202
126 105 234
330 310 111
84 395 255
627 139 192
561 510 85
6 562 323
173 6 232
375 638 119
438 214 263
509 347 58
408 500 189
313 198 170
451 308 237
377 278 73
595 181 254
22 187 159
16 361 191
577 78 197
393 542 82
25 419 126
83 195 297
272 509 167
140 328 172
377 73 121
147 10 302
427 32 187
612 48 245
171 651 20
368 387 233
121 412 20
248 521 215
242 135 92
435 275 91
279 20 164
400 193 200
71 621 232
587 575 306
174 89 326
523 457 55
124 605 164
170 221 27
385 463 188
504 267 161
292 546 181
154 314 46
25 385 35
613 340 281
616 514 67
613 405 222
339 555 195
529 93 87
582 505 221
139 351 185
629 643 73
507 165 59
579 191 115
614 146 153
593 104 35
28 60 138
579 425 35
445 323 129
558 273 2
477 412 24
4 383 35
78 233 201
492 154 89
633 137 235
457 72 36
164 100 122
302 48 245
363 519 265
518 420 209
520 239 293
241 243 18
606 347 277
504 207 129
593 183 266
196 8 35
561 172 135
381 500 209
652 206 71
588 92 162
139 613 98
103 196 38
477 170 83
451 16 290
580 609 170
214 147 179
604 77 22
437 458 220
317 452 97
59 382 215
247 547 170
42 651 64
81 496 234
519 289 251
480 238 228
651 478 73
172 425 150
549 204 305
137 547 125
589 633 204
476 222 93
317 265 86
381 372 253
642 233 240
261 81 149
489 100 298
233 272 91
80 190 295
385 327 211
510 259 186
385 77 79
150 420 41
591 170 110
213 154 40
150 415 122
299 272 222
294 532 192
57 612 79
49 340 103
589 218 33
446 604 136
526 122 254
264 81 95
375 320 275
86 470 58
563 111 1
457 432 204
17 489 185
425 538 222
528 470 111
259 284 83
92 178 205
346 443 313
138 186 304
84 298 143
497 204 280
499 29 54
400 72 214
282 497 121
504 393 288
287 652 243
41 87 93
602 459 233
612 598 90
284 50 85
427 548 315
50 415 41
104 183 113
16 466 281
466 312 17
96 599 37
36 9 124
129 637 281
33 591 247
149 217 297
564 645 213
550 37 299
592 167 180
47 183 317
26 17 300
372 139 268
80 176 303
560 331 282
183 365 215
430 514 103
95 446 116
309 365 179
305 299 18
485 372 227
499 398 245
142 138 81
436 245 257
81 173 260
363 382 322
604 180 204
378 301 322
192 610 55
42 284 25
60 137 94
314 637 190
585 147 328
337 609 270
292 32 114
552 421 193
571 393 44
472 139 17
162 331 324
217 374 305
571 460 114
34 116 119
553 43 292
578 381 243
191 15 301
2 593 64
222 532 128
595 346 293
638 509 296
2 68 12
307 8 143
118 42 286
592 595 0
555 515 78
469 74 93
441 103 54
202 325 257
356 288 275
650 269 126
617 297 194
326 630 202
495 117 244
149 51 207
479 633 91
583 444 165
19 254 268
99 482 264
28 181 250
329 199 190
455 184 184
17 536 156
246 373 273
516 523 22
66 370 326
157 295 112
348 340 63
617 466 217
578 494 95
196 191 294
57 646 149
267 31 27
424 277 97
65 136 317
416 228 55
84 411 48
223 101 85
615 86 222
200 33 84
624 229 275
615 313 289
132 580 321
185 346 295
612 412 128
297 196 27
379 281 109
98 504 237
183 487 323
77 30 27
490 22 257
463 638 267
423 138 189
415 324 233
79 304 13
536 601 209
564 322 161
370 446 33
278 656 192
299 101 248
326 617 270
609 422 276
573 188 86
434 629 81
35 50 56
48 587 25
257 519 45
116 257 188
504 562 186
38 203 287
312 555 247
609 533 11
227 448 225
10 250 197
117 285 273
528 333 202
251 617 89
296 101 44
155 605 277
39 12 151
655 324 48
573 301 278
282 529 69
178 565 319
46 51 276
649 579 306
548 198 291
335 520 63
379 44 37
327 83 75
478 80 70
552 22 43
528 304 269
268 482 202
284 555 279
586 572 227
564 462 96
552 139 288
642 544 3
21 213 86
96 59 192
521 638 240
590 508 215
556 144 66
456 428 292
406 357 232
304 289 36
401 209 202
386 193 114
415 240 328
527 362 84
61 252 90
302 184 269
214 109 110
635 591 210
295 339 264
527 12 250
564 439 130
134 167 21
248 582 261
602 451 321
384 538 244
145 208 125
441 423 234
222 426 167
432 64 204
393 591 242
11 523 23
497 25 190
518 274 140
147 244 288
139 628 168
383 116 74
180 557 194
111 147 291
634 580 26
180 341 315
422 353 180
471 192 206
29 78 177
169 225 92
128 391 89
651 116 205
67 322 130
590 434 277
224 410 225
605 616 264
262 406 314
469 219 203
43 248 281
575 443 203
9 597 265
124 616 79
355 26 98
485 642 203
131 234 310
382 208 268
317 496 42
631 307 287
531 350 206
483 293 17
55 303 285
17 453 270
122 151 296
550 4 306
95 161 238
103 544 117
42 229 284
440 229 289
398 102 7
631 612 301
648 9 301
631 52 96
572 175 247
565 67 278
568 188 110
148 291 325
594 360 226
247 142 152
207 540 254
543 539 208
515 556 243
158 529 296
255 469 168
528 376 235
148 286 120
588 461 83
281 397 114
204 12 282
356 219 190
611 105 72
187 620 299
457 147 196
121 402 7
618 298 80
550 447 63
12 377 195
450 0 290
590 205 302
214 587 219
431 566 324
529 122 312
499 579 130
392 42 229
96 28 199
176 578 317
594 616 62
158 409 88
145 341 319
144 582 249
363 381 157
29 252 279
342 119 226
169 511 268
399 607 322
269 151 242
612 113 227
42 271 307
130 416 16
450 561 295
67 292 18
224 322 296
530 32 86
98 201 294
393 626 243
57 263 91
326 243 205
579 285 173
557 442 287
270 234 216
592 327 179
636 551 198
275 449 230
32 574 129
327 309 97
596 392 58
385 86 301
287 7 258
460 590 42
418 229 302
331 163 300
511 141 219
406 416 37
308 475 282
463 170 288
586 108 48
315 493 161
314 122 194
598 609 153
8 395 53
310 69 242
307 606 80
223 354 168
615 30 11
239 493 181
224 448 315
602 105 151
460 445 299
325 385 276
149 393 14
228 71 109
470 404 83
222 654 108
416 611 165
427 219 26
634 443 145
291 413 277
468 215 64
136 567 147
412 84 211
452 313 309
561 125 55
644 373 77
450 131 31
286 584 276
9 586 61
155 220 172
432 56 84
522 218 322
340 631 78
552 451 88
229 355 213
310 367 284
388 159 112
419 471 39
63 481 322
124 4 213
651 436 296
78 326 185
97 9 184
201 587 307
618 158 30
529 494 68
155 224 254
596 11 67
332 74 245
655 225 249
565 218 53
532 296 77
86 420 86
270 621 41
248 582 225
607 453 61
44 634 286
298 572 297
391 247 69
334 270 294
280 177 183
5 52 177
108 164 268
194 434 231
261 51 181
486 26 2
573 96 307
201 394 248
525 154 192
265 488 133
256 110 310
439 141 59
313 249 223
581 469 26
181 72 103
388 584 129
391 500 226
369 69 317
314 620 142
506 253 327
310 509 109
292 317 250
377 630 197
601 580 8
653 129 107
98 517 59
253 250 256
505 646 326
520 302 314
4 151 239
29 487 116
138 147 104
414 525 103
282 494 25
646 489 154
450 587 39
206 208 290
463 56 304
157 602 303
471 606 151
381 635 310
169 141 128
299 582 324
402 232 160
453 220 17
633 38 301
15 271 181
331 76 263
635 233 207
635 72 181
129 454 185
110 649 23
264 316 276
260 61 180
117 540 97
464 516 136
133 557 78
643 230 180
603 233 110
507 210 182
360 339 4
242 475 21
265 82 9
213 342 70
393 485 307
161 317 165
652 451 64
98 462 294
304 434 224
85 283 106
597 11 142
298 253 289
649 545 42
0 126 81
96 519 237
74 48 252
595 69 45
330 193 204
322 498 309
546 609 290
349 548 301
492 215 252
478 206 165
520 232 291
298 328 178
561 428 226
484 365 321
226 64 212
431 386 78
437 300 29
69 18 275
397 536 161
320 356 38
182 244 296
144 542 321
651 445 91
574 298 154
567 524 218
147 297 275
225 103 272
254 172 290
200 595 168
361 257 221
96 439 136
89 609 46
410 602 189
502 519 158
353 454 24
242 601 19
543 168 122
486 448 320
474 649 258
339 378 212
561 501 20
394 590 300
112 369 245
301 213 132
156 566 257
509 176 226
528 61 91
18 573 210
339 389 227
623 71 277
506 0 146
197 394 104
524 532 144
111 201 54
269 357 317
223 235 164
120 131 225
211 150 167
118 515 227
17 480 324
320 328 21
466 552 113
570 418 316
386 555 215
440 166 269
429 389 175
593 535 4
187 114 154
354 232 37
278 275 214
300 595 213
321 429 133
105 342 222
422 96 145
334 536 311
603 333 68
476 295 300
480 508 85
2 204 15
65 508 316
608 150 254
189 472 25
323 577 64
242 367 160
59 43 65
67 15 69
491 517 61
133 339 240
574 367 141
615 432 321
273 382 168
553 571 311
579 236 257
340 505 321
172 564 62
592 657 77
3 490 265
420 650 301
2 566 10
473 523 139
162 164 192
1 60 131
339 7 65
622 347 241
614 545 173
18 479 172
121 509 31
57 271 23
384 273 286
420 114 177
230 302 12
422 330 72
580 11 79
316 633 98
557 615 314
98 634 162
270 97 13
327 181 284
376 565 254
333 328 66
181 558 39
220 349 40
292 297 51
398 613 52
193 538 36
533 636 12
37 274 135
50 602 316
360 320 250
286 22 249
352 203 175
88 449 221
129 84 189
206 508 170
285 43 50
321 576 54
359 640 0
494 32 299
179 419 316
429 73 9
375 451 239
247 539 30
495 10 140
355 243 319
223 528 33
602 217 307
328 576 289
354 438 18
324 617 134
8 414 207
347 157 0
257 405 237
642 268 273
454 623 187
115 188 83
504 159 300
179 513 218
468 209 328
183 559 313
318 567 70
525 282 227
552 565 0
460 550 268
430 346 260
618 487 145
43 359 1
344 538 185
588 348 91
587 558 18
572 218 283
339 111 236
237 5 144
593 491 36
532 264 79
489 224 237
635 293 294
333 5 174
519 594 194
307 523 120
655 463 9
280 144 120
213 408 152
28 343 314
419 243 275
524 75 196
459 78 161
95 411 166
269 298 102
160 606 323
609 603 128
618 251 299
107 464 49
259 519 89
244 306 3
546 173 104
413 632 208
574 69 291
109 338 286
237 499 234
231 476 205
57 437 153
53 570 315
431 171 176
520 441 153
220 329 326
654 85 326
533 27 66
192 136 102
150 374 298
81 631 116
642 56 250
137 109 162
149 540 4
654 428 143
176 649 143
528 645 254
197 546 282
592 81 115
62 257 186
31 338 186
477 348 242
69 512 23
232 3 260
591 26 57
102 228 48
601 98 61
526 295 278
505 256 56
647 344 313
504 376 20
361 195 65
301 264 248
350 522 278
281 482 304
35 584 229
412 527 327
170 422 320
475 295 273
202 284 288
213 157 6
588 544 227
21 187 189
625 563 53
574 213 232
575 248 185
146 3 80
473 199 173
490 16 140
105 245 121
91 484 278
426 440 191
351 461 75
540 428 310
619 344 194
523 287 113
379 433 142
130 275 13
330 133 29
167 239 274
314 356 126
593 150 237
152 501 41
556 383 140
208 345 182
73 210 140
213 615 245
355 113 217
39 469 21
398 636 286
369 293 313
167 254 135
404 432 4
471 330 59
283 539 75
465 638 311
302 193 294
547 549 78
461 614 245
483 354 249
137 92 239
122 285 190
283 57 293
287 529 295
43 154 202
118 645 208
455 289 73
91 205 319
525 8 275
112 517 327
387 655 116
298 145 72
488 454 129
453 83 26
116 127 206
318 271 193
526 95 180
296 186 82
615 79 116
259 217 305
257 605 328
373 245 170
142 101 295
600 554 75
324 12 202
201 356 171
92 225 266
272 547 149
25 505 229
470 132 143
143 389 90
497 130 32
338 272 160
633 240 56
380 590 95
279 134 122
450 226 44
84 524 263
563 549 136
489 387 268
632 557 25
91 396 181
478 77 150
309 52 87
37 432 20
487 80 180
635 530 77
351 641 272
640 546 189
144 403 247
438 377 146
489 468 214
12 289 291
517 598 40
630 3 170
650 516 250
172 494 148
604 213 131
218 195 45
433 365 119
352 145 194
195 634 4
435 14 319
94 531 286
464 503 315
2 522 174
252 62 10
426 9 223
558 253 115
629 29 151
446 407 296
640 628 298
12 406 312
332 500 211
644 332 82
301 334 301
475 612 35
511 381 70
76 307 20
546 278 75
39 66 153
361 48 150
1 61 227
339 419 95
576 405 99
1 74 104
631 550 59
34 403 137
130 506 115
506 420 64
252 460 157
432 189 231
582 191 318
506 556 105
272 475 207
371 502 282
173 475 174
587 536 274
66 34 148
536 540 240
600 161 68
125 593 257
383 543 145
43 391 44
149 5 216
53 403 60
6 576 232
535 531 136
152 623 171
326 501 79
263 469 240
2 595 175
615 320 86
102 389 148
172 564 154
85 618 254
474 624 198
75 528 71
211 48 62
382 374 234
462 638 45
70 8 8
272 623 25
358 68 112
178 266 18
29 352 4
283 194 326
481 269 196
578 481 244
640 231 315
571 61 321
287 132 1
651 404 321
18 130 86
485 308 24
175 363 73
534 14 267
228 521 208
450 441 57
62 449 288
49 362 47
67 18 205
94 11 280
87 55 107
173 541 87
552 84 147
625 618 162
235 215 25
140 7 164
526 70 284
511 145 318
558 212 7
105 307 44
82 420 99
190 619 311
632 514 66
147 507 53
309 110 294
361 250 301
196 144 42
506 656 187
521 582 97
554 56 75
598 138 166
40 354 127
48 354 9
141 502 188
220 179 298
514 540 246
157 104 87
555 611 111
413 474 36
510 371 118
282 337 282
474 377 308
628 452 30
637 593 203
522 155 54
518 11 291
106 194 67
548 91 46
331 531 217
64 409 285
511 34 294
464 534 39
140 504 162
171 484 123
71 348 278
151 208 315
114 340 207
207 231 298
279 588 197
193 652 278
479 531 9
470 337 214
180 504 61
369 43 242
492 114 287
113 292 167
454 432 204
332 639 132
328 286 62
196 479 56
500 300 258
180 138 293
421 319 165
508 30 208
421 522 19
50 3 311
572 458 85
119 158 92
580 486 49
340 51 226
93 551 223
352 100 33
342 521 23
204 397 79
83 160 298
128 236 302
440 177 128
551 322 286
644 270 141
390 610 192
616 46 111
537 424 211
570 134 100
264 338 168
40 421 25
338 549 288
640 357 162
136 251 155
449 263 96
590 21 49
150 638 95
287 517 216
525 455 21
625 87 30
491 127 148
542 465 65
198 474 94
31 636 42
186 427 2
612 385 23
358 535 3
150 191 217
366 58 40
58 51 127
114 542 254
591 427 88
353 651 259
473 25 237
186 211 7
188 191 63
212 549 296
241 41 158
156 433 242
525 517 293
350 631 178
275 590 302
60 286 295
319 101 320
583 314 229
590 528 91
350 108 312
646 350 50
501 532 155
414 425 40
405 117 14
254 419 301
582 479 284
245 167 83
592 92 68
492 50 267
583 400 47
592 415 94
643 284 323
495 67 90
206 472 208
575 68 298
219 18 145
174 263 312
257 197 101
22 31 151
316 641 223
60 575 309
154 586 264
148 449 28
593 24 171
472 599 265
138 186 283
284 387 244
622 12 138
395 35 170
217 377 179
466 437 122
472 617 77
79 133 197
436 68 221
634 567 189
241 47 72
525 357 130
466 348 169
604 85 230
142 328 278
321 137 83
470 609 42
547 56 201
441 519 295
334 495 230
220 78 304
292 629 3
120 463 22
618 410 133
519 552 133
165 242 270
248 54 247
316 627 304
543 410 191
180 112 28
437 332 132
83 651 130
86 139 264
464 99 16
294 644 266
427 177 179
65 425 259
313 109 228
643 20 309
176 200 93
230 637 122
362 88 115
518 175 254
454 7 50
167 301 62
433 97 239
309 162 32
239 501 167
164 512 187
474 56 59
264 286 64
386 17 153
528 535 25
150 331 58
530 525 30
289 300 153
226 636 316
587 243 185
426 408 66
284 224 122
369 514 80
460 242 97
639 112 0
361 263 29
90 161 225
146 476 222
300 44 200
642 0 115
195 426 194
261 78 115
384 474 300
161 276 239
613 283 23
284 644 312
313 102 170
235 248 14
458 574 59
26 584 59
470 122 182
32 383 286
502 135 102
144 296 75
81 277 29
104 562 41
442 243 143
309 479 89
652 305 5
408 331 287
164 144 80
372 202 160
1 47 322
103 217 315
508 298 264
563 428 168
605 238 108
90 547 258
534 568 234
237 344 237
524 535 78
301 249 306
461 250 50
151 380 268
138 256 263
402 161 34
596 134 298
375 225 214
2 127 124
591 364 165
170 230 42
603 557 318
607 387 265
657 538 316
267 44 269
228 472 128
617 410 262
586 154 184
471 182 312
292 115 18
458 312 275
526 283 174
186 232 232
123 232 139
465 525 183
432 95 327
560 54 105
164 641 285
20 480 138
3 115 280
376 573 289
322 467 243
194 22 147
452 145 76
591 636 272
117 410 39
141 312 119
575 503 128
558 523 280
64 552 66
344 270 7
330 593 145
574 155 167
418 607 9
520 567 14
463 52 121
528 193 131
648 136 305
118 36 170
69 101 64
161 471 31
168 144 321
11 86 147
533 530 123
543 392 32
583 223 84
375 94 277
506 110 110
482 254 147
349 350 274
110 537 113
168 48 283
160 59 66
308 618 267
457 503 27
489 428 251
573 172 42
218 20 178
657 529 129
501 246 176
446 383 56
257 551 130
211 53 215
278 387 175
242 186 21
599 43 146
547 616 15
615 202 62
135 202 262
619 71 205
138 518 285
220 117 204
350 354 258
565 632 13
82 217 226
129 184 269
631 73 228
646 56 127
76 191 26
9 178 98
241 316 287
223 562 101
99 254 126
28 187 127
396 296 41
293 425 251
234 424 21
159 439 77
312 515 268
10 551 143
437 160 131
66 383 35
522 482 316
16 536 174
143 301 141
539 594 264
461 196 56
482 381 166
559 36 50
195 46 298
10 509 129
167 601 183
228 465 34
544 507 241
416 651 213
583 532 176
518 362 69
246 186 148
438 88 184
514 309 256
483 319 133
612 486 76
493 83 212
224 627 87
491 411 80
402 337 310
275 197 40
344 469 226
163 276 11
44 132 321
655 642 311
459 622 166
206 457 249
444 49 244
532 541 24
638 285 32
645 560 255
356 272 93
254 436 40
265 506 198
586 504 182
595 305 147
458 538 301
404 324 22
319 224 260
40 205 242
72 192 170
354 549 113
447 145 246
158 436 95
53 391 296
565 354 272
383 154 178
26 558 174
403 245 69
5 286 274
576 384 164
417 80 55
557 527 226
474 53 4
266 107 92
562 40 117
532 423 297
381 475 223
555 221 140
322 226 123
293 171 204
457 588 311
538 487 206
106 330 260
137 596 64
558 527 104
44 401 224
341 124 41
565 48 262
402 396 186
525 31 28
426 515 313
408 395 169
286 502 170
243 639 134
307 565 3
437 609 101
332 293 252
70 226 300
30 628 64
216 521 95
599 289 281
254 66 45
423 352 218
290 595 225
122 270 132
480 75 110
582 433 74
176 503 326
502 533 296
566 117 185
29 58 171
640 339 237
382 104 286
600 421 223
193 543 190
325 365 291
435 315 66
206 491 241
229 335 142
196 269 260
78 299 318
250 307 328
513 31 130
471 657 248
391 192 159
582 517 221
215 321 208
308 553 67
220 125 100
33 347 40
648 426 10
6 44 317
360 557 45
161 370 44
435 104 236
594 54 96
487 295 114
63 603 35
130 191 160
585 251 205
626 241 328
333 247 43
322 608 271
367 137 10
438 573 140
16 535 194
138 390 160
581 453 132
314 610 323
145 563 245
376 531 184
375 207 128
418 555 104
387 290 242
68 70 183
537 113 60
428 251 148
614 201 272
88 515 250
438 2 182
380 379 55
564 122 288
364 541 211
139 296 199
78 390 295
590 269 79
348 65 28
496 21 229
465 136 86
413 600 114
266 322 190
18 255 313
4 645 196
544 152 189
111 231 250
433 189 216
183 563 281
211 427 328
440 235 135
552 16 103
9 282 97
528 326 23
512 330 10
405 243 188
594 354 90
515 129 306
73 339 211
380 576 310
51 385 242
541 279 258
316 288 237
413 185 234
133 39 262
498 471 176
357 433 227
474 317 54
122 390 90
359 139 8
340 190 64
608 73 41
208 415 26
142 196 211
403 329 277
362 195 116
538 579 220
462 395 208
516 543 296
277 244 106
641 611 322
73 561 92
443 138 179
496 280 46
49 51 73
352 413 268
468 319 189
386 124 281
620 8 166
613 312 82
87 295 35
409 394 267
199 180 102
378 44 80
121 119 131
194 472 242
489 308 232
46 62 53
657 25 88
494 6 71
576 94 63
637 529 128
602 70 5
46 474 49
455 596 169
284 158 9
526 647 14
455 36 77
535 35 128
623 555 134
391 474 228
480 453 126
279 397 196
311 470 13
386 267 306
581 577 135
616 445 125
302 269 187
76 146 222
559 137 119
364 554 290
290 376 112
87 23 206
638 334 18
322 89 312
628 12 231
435 655 45
257 299 11
115 401 157
34 302 320
508 8 216
167 324 289
279 437 312
182 418 15
556 108 130
539 79 168
467 540 165
183 165 161
194 280 233
377 340 206
65 190 241
307 383 262
293 30 42
277 213 131
647 111 239
448 18 15
287 485 252
150 37 88
311 257 39
216 3 76
448 94 293
57 428 18
649 63 49
388 366 262
519 355 70
126 171 114
497 485 296
91 635 30
509 288 314
574 530 317
322 347 108
286 404 207
633 421 271
379 151 308
338 38 32
408 165 203
548 30 56
516 121 33
546 630 19
202 547 246
545 237 264
325 523 37
558 524 129
197 246 281
177 584 319
564 361 181
464 251 211
192 135 30
554 24 2
599 226 246
517 140 180
123 465 45
160 365 267
619 563 184
597 108 136
587 40 194
137 504 143
348 38 278
49 619 302
407 560 226
21 419 37
531 543 199
273 71 261
540 58 192
421 655 300
255 611 37
449 90 213
289 464 277
239 540 238
238 289 141
464 336 257
198 209 142
397 509 240
330 391 298
193 181 322
191 462 275
228 279 62
138 569 197
87 150 105
654 414 91
492 221 99
92 445 5
260 185 185
500 541 274
167 102 152
515 319 285
132 574 235
549 54 146
88 167 322
194 190 79
614 24 326
81 116 139
416 403 324
627 271 233
598 438 7
92 295 23
74 453 268
310 344 323
482 459 187
173 21 48
278 3 73
604 85 215
85 527 315
436 522 258
37 463 64
373 581 57
423 656 181
362 334 223
382 184 50
570 357 71
289 635 100
59 607 185
630 35 80
287 497 300
216 534 105
610 276 54
9 41 78
545 403 83
136 154 268
186 66 296
257 381 300
358 441 249
569 439 310
18 68 149
647 285 52
449 263 328
174 298 66
582 185 166
33 322 320
301 534 83
295 134 136
266 518 274
186 455 55
194 499 149
14 514 131
421 305 65
446 506 34
512 430 246
376 463 265
367 133 141
477 428 301
310 62 187
584 274 11
7 468 181
156 509 38
617 272 40
50 61 217
440 573 318
357 291 150
622 27 283
131 530 79
433 182 167
646 134 112
657 141 278
536 323 129
271 308 72
311 359 159
200 141 75
544 524 63
62 514 116
371 645 14
476 446 196
643 461 1
453 460 168
73 364 163
228 635 168
655 315 224
486 515 36
258 427 257
347 516 113
490 229 127
504 48 270
43 33 73
399 512 205
239 611 266
428 181 244
267 205 230
518 33 113
225 317 237
509 6 95
622 496 325
91 369 70
33 412 103
461 179 313
34 418 266
630 214 145
545 508 21
143 368 54
282 619 42
190 470 74
615 461 242
637 578 308
49 637 88
178 441 267
162 475 54
126 447 268
271 360 144
621 503 209
346 127 171
414 344 9
488 327 141
427 306 62
77 381 41
165 559 179
433 90 326
487 216 141
123 487 173
294 450 44
174 164 198
16 578 213
381 408 211
522 178 214
610 281 266
20 447 193
528 222 309
196 77 196
364 226 25
208 520 172
581 63 7
450 105 256
31 486 33
597 351 237
153 329 189
116 349 307
639 220 226
619 442 0
184 174 253
235 382 115
79 332 204
112 150 310
66 182 138
428 121 186
362 275 187
551 417 233
556 424 150
150 386 290
506 596 135
430 173 189
242 278 192
118 391 13
99 483 221
592 279 14
121 641 315
637 560 74
212 484 170
60 3 253
350 509 191
156 281 61
345 549 11
234 9 99
274 134 253
495 69 229
180 190 212
166 195 140
596 433 296
108 493 299
58 185 150
578 342 128
7 55 19
373 290 55
472 590 189
422 427 258
651 634 145
231 168 11
372 106 142
365 214 306
335 272 189
182 218 228
336 226 283
381 625 270
436 466 202
626 230 327
252 250 303
95 507 142
132 221 275
603 586 186
278 289 130
164 497 45
392 175 297
43 557 265
11 361 73
542 355 0
237 634 276
540 71 126
380 203 44
326 175 328
512 453 314
339 617 154
411 377 26
76 420 280
341 431 313
440 342 10
138 579 12
111 488 83
592 236 287
637 588 133
4 442 283
318 150 268
472 561 316
196 637 78
476 347 207
486 155 220
168 319 167
535 431 23
290 365 259
274 370 189
433 374 0
387 35 150
326 533 79
10 71 84
114 548 102
650 376 284
238 570 274
432 448 73
455 106 110
83 380 177
298 155 223
298 568 258
474 262 159
553 298 231
638 412 147
437 431 220
418 37 159
35 469 304
134 293 107
573 376 158
93 16 10
13 341 275
626 157 234
456 79 203
384 85 286
228 548 85
475 309 123
634 370 263
635 504 227
84 446 300
597 565 14
633 578 26
605 572 209
181 370 314
55 123 96
367 351 316
479 168 322
602 170 60
562 173 235
132 283 49
129 222 311
143 223 257
524 170 171
431 377 239
416 458 33
513 194 81
526 15 250
190 617 117
250 521 291
182 21 245
587 177 165
240 320 85
524 213 256
37 644 1
631 402 131
6 283 325
417 177 37
364 367 325
481 643 214
140 194 262
83 149 110
248 415 127
4 281 11
615 345 326
288 318 97
445 351 77
138 110 255
504 500 319
171 349 305
411 490 196
41 573 16
480 189 102
608 219 55
290 203 71
643 517 86
108 304 108
514 442 244
440 288 86
102 485 107
433 264 294
300 306 235
316 128 121
115 104 11
170 421 214
596 432 73
51 540 74
488 396 187
404 205 172
187 333 25
294 108 290
285 434 267
191 118 92
312 233 223
21 430 315
564 394 89
335 445 326
409 302 64
294 48 295
466 235 299
518 556 104
150 183 235
114 401 50
232 81 284
455 102 82
467 35 173
227 370 316
553 147 289
644 441 8
307 276 269
278 136 167
408 286 48
341 426 120
391 0 227
43 456 1
125 291 36
654 545 77
312 440 250
272 452 34
306 102 310
575 406 143
111 182 126
488 523 223
634 257 249
203 300 73
559 452 36
266 474 252
369 128 60
620 400 184
22 48 312
332 649 86
172 102 268
298 616 160
192 592 114
112 164 111
515 91 234
551 358 50
500 95 204
231 57 275
441 79 20
95 437 12
181 609 140
476 249 99
4 467 59
447 606 249
558 489 12
464 408 67
211 250 162
87 481 220
388 265 325
106 386 131
473 594 82
310 412 29
80 416 167
495 231 141
441 131 301
453 621 51
217 201 301
51 314 151
626 44 87
622 176 170
450 17 106
204 328 215
259 434 328
123 271 230
594 55 33
237 534 325
315 94 197
616 171 182
109 139 253
551 129 126
90 580 144
196 126 143
83 411 248
437 534 217
339 470 298
398 76 174
420 391 294
644 349 136
523 485 301
473 404 102
600 494 24
112 59 176
584 168 258
200 605 134
88 312 302
57 52 49
587 499 111
578 485 157
83 376 313
384 192 86
183 160 251
536 272 310
409 198 149
35 424 123
196 513 106
169 596 185
218 551 26
26 498 208
183 607 255
194 359 118
609 543 278
228 447 221
565 199 116
411 260 212
205 456 93
338 651 57
523 237 306
575 263 172
454 473 121
51 9 151
525 644 62
500 214 181
64 147 77
535 559 8
115 132 162
234 470 155
318 361 64
321 278 24
164 74 168
640 152 203
159 45 189
222 545 75
74 635 248
177 513 149
514 654 282
18 231 120
200 549 153
619 212 102
643 402 203
483 384 52
383 543 97
244 133 313
345 233 291
593 410 172
85 267 168
393 311 96
513 537 316
337 498 225
440 484 324
11 335 50
392 60 291
160 304 121
473 17 26
132 611 107
304 64 71
499 457 80
266 312 288
609 18 129
531 484 310
198 495 13
274 229 73
262 415 75
384 256 92
81 389 71
214 61 135
615 586 263
37 195 273
654 172 291
480 71 117
132 269 309
145 570 235
245 174 321
17 558 248
464 7 5
207 222 67
13 205 21
303 242 242
273 264 85
261 87 157
49 219 123
384 391 35
290 636 210
611 653 136
556 459 170
233 34 63
655 74 294
347 377 207
261 650 142
372 279 229
555 328 146
350 80 208
56 370 212
621 349 233
429 273 34
296 532 95
385 555 169
21 245 217
557 532 235
67 272 185
323 170 210
140 546 316
374 602 54
612 592 100
187 363 44
247 1 248
342 412 145
511 433 87
425 332 316
357 425 286
568 90 153
475 256 41
462 630 314
187 610 274
287 139 5
29 413 32
303 97 115
474 635 219
259 428 248
575 154 16
558 64 106
53 566 60
94 370 58
106 584 11
51 239 176
386 268 260
89 571 55
205 414 58
95 15 157
370 590 311
386 517 73
518 570 310
249 7 48
637 139 303
319 216 240
166 602 179
427 60 119
179 265 204
566 386 219
91 98 177
403 510 36
173 371 304
483 620 8
531 625 147
532 286 34
114 479 5
648 274 91
438 453 53
10 387 110
255 478 235
459 223 113
521 396 155
496 247 144
504 147 111
19 21 95
409 135 245
111 151 216
531 616 11
584 626 69
391 250 244
323 51 139
108 572 232
289 437 177
459 309 324
597 355 42
363 132 203
634 243 25
547 142 312
255 68 281
350 485 228
265 151 279
404 285 219
334 574 327
537 376 5
203 315 31
574 46 163
448 48 77
473 595 245
483 192 313
461 542 140
31 149 317
310 580 273
555 282 190
580 161 263
256 364 275
287 306 18
450 122 66
224 621 29
140 446 221
150 249 105
645 280 280
634 616 228
249 514 181
465 436 13
425 34 74
42 347 51
389 165 199
152 415 163
510 555 280
402 73 201
204 60 152
182 62 137
81 338 322
263 171 126
631 597 186
48 7 204
454 423 40
325 575 126
159 454 49
439 224 148
337 455 234
516 637 297
653 86 306
14 349 174
469 349 113
326 397 121
556 219 215
267 544 158
419 71 283
494 537 179
642 216 305
218 74 284
541 95 67
544 109 88
61 578 134
174 272 202
321 170 118
233 463 31
63 224 102
346 86 7
222 70 250
527 315 21
179 224 117
576 111 226
32 172 173
495 372 142
65 62 313
512 295 118
240 358 40
40 73 126
376 295 223
297 191 235
319 370 130
462 314 267
30 346 136
229 209 180
43 274 268
53 155 234
500 395 290
566 435 34
61 154 0
310 477 191
242 164 259
372 626 244
8 25 288
473 254 168
21 323 114
289 376 295
195 245 32
485 179 165
190 240 16
216 576 164
434 160 0
390 559 297
634 567 322
593 382 274
130 404 268
573 35 13
565 256 258
268 83 134
459 299 46
146 542 319
337 344 151
8 76 52
331 78 316
22 40 40
651 170 141
287 111 203
300 18 130
584 312 240
390 114 236
462 260 120
452 597 161
629 631 237
23 305 13
36 353 53
406 346 249
573 633 31
118 302 49
578 228 32
515 644 146
93 448 104
214 243 43
46 240 43
639 264 19
20 326 69
73 100 112
348 16 87
50 160 86
454 106 315
486 621 301
1 57 118
434 297 58
174 369 298
546 376 259
591 396 257
357 495 28
469 185 44
583 235 205
340 31 311
326 544 301
325 571 29
114 373 326
172 573 63
470 462 111
401 421 178
26 121 16
383 616 201
125 541 134
1 224 191
9 576 77
639 243 16
36 383 60
388 555 305
452 394 135
234 163 253
438 189 45
454 598 30
24 65 242
487 92 137
349 102 56
124 109 325
469 146 51
556 560 303
532 354 65
364 588 254
617 369 140
360 191 81
61 215 146
303 70 239
138 446 38
549 570 173
545 407 16
293 305 248
623 179 273
30 569 230
311 529 296
122 231 158
532 318 71
350 647 141
286 127 258
350 44 196
523 616 275
211 251 277
459 216 128
429 273 65
356 584 265
652 48 193
482 607 182
579 299 172
62 611 325
18 303 41
569 168 328
212 405 250
161 232 164
315 4 134
380 360 86
343 381 160
536 205 109
390 152 79
259 214 58
255 258 32
296 196 201
321 408 303
598 595 207
433 252 237
593 1 294
21 344 17
207 222 248
317 638 71
93 239 312
481 521 241
513 185 134
82 507 240
57 447 177
290 248 127
527 209 128
492 256 143
207 463 62
126 122 69
198 216 308
510 39 197
448 578 54
583 29 258
520 112 47
368 402 321
495 297 201
649 157 128
489 364 262
552 491 82
621 57 298
297 567 34
521 383 309
246 334 35
504 196 147
577 565 246
240 428 214
138 446 69
266 277 104
225 197 292
307 186 20
631 510 284
362 373 36
14 645 41
378 491 238
223 436 171
469 44 296
381 182 84
450 474 59
225 41 282
544 375 140
235 348 18
546 79 62
582 119 49
320 497 237
229 88 15
97 558 59
420 281 267
530 99 83
260 324 124
214 236 196
380 498 242
398 386 321
131 336 111
535 656 305
114 254 65
155 351 320
240 113 298
507 644 68
616 272 89
82 512 326
634 234 166
218 0 249
539 157 256
347 34 254
652 174 179
414 355 228
102 595 38
71 470 50
165 428 323
584 537 203
607 539 109
444 99 109
61 6 293
646 353 327
597 373 199
145 156 225
44 258 189
82 330 1
133 495 127
482 447 32
27 396 242
491 208 12
298 269 44
262 257 68
260 197 138
459 342 294
382 412 224
242 494 225
598 653 88
67 503 207
99 531 274
38 390 154
50 30 94
94 292 49
517 579 272
656 406 285
292 130 65
187 398 256
438 339 252
527 406 97
431 532 325
73 570 58
556 647 88
19 109 78
423 653 25
366 651 102
19 311 259
84 525 328
11 305 9
592 200 113
387 631 316
80 73 254
164 629 269
279 16 76
28 439 71
408 147 90
510 166 72
137 250 294
137 288 297
501 248 168
614 635 168
627 84 241
579 248 238
519 527 281
595 581 62
8 331 236
124 210 73
552 347 21
188 510 309
156 380 228
351 362 232
545 332 13
154 253 261
392 140 157
15 78 106
104 112 135
340 237 16
110 131 60
157 345 268
466 502 319
392 221 23
321 108 52
334 262 305
621 22 143
120 64 221
253 194 30
59 534 293
75 12 121
490 170 138
100 4 8
116 422 255
495 85 34
547 445 322
221 409 41
35 555 131
611 150 325
9 235 227
303 310 240
121 169 81
285 295 111
319 412 205
574 275 316
305 164 104
298 411 184
366 446 107
497 425 258
165 435 190
392 106 198
0 253 38
410 539 4
219 200 113
424 117 85
82 448 250
212 115 3
67 481 147
530 320 269
485 511 72
17 272 178
544 272 103
582 51 10
284 270 210
423 62 24
180 170 144
127 383 259
485 476 108
0 348 99
599 175 308
342 193 251
218 79 194
347 30 245
357 314 212
593 105 274
315 285 116
485 412 170
112 266 317
220 266 8
16 207 209
324 576 73
246 136 179
467 509 209
80 234 220
622 195 325
567 510 308
51 363 62
550 475 328
236 37 292
270 54 170
479 404 88
224 19 250
100 486 127
638 566 58
200 556 254
551 492 132
530 543 167
290 436 10
315 14 48
607 310 128
449 131 203
234 381 222
182 481 76
6 461 11
65 29 238
319 581 72
477 453 287
315 85 91
23 427 131
400 376 112
225 167 243
428 428 296
19 636 119
95 642 278
106 49 307
42 394 256
469 214 78
98 555 189
215 578 287
346 346 6
155 571 199
96 368 298
418 387 276
563 508 287
512 641 7
517 25 73
444 494 313
193 619 210
80 176 157
367 549 174
373 72 114
573 168 179
568 586 237
542 518 113
500 372 96
507 231 121
277 44 313
261 263 274
169 343 147
23 53 64
197 452 163
337 393 28
187 304 312
450 214 172
564 56 215
2 563 144
150 209 188
134 496 148
105 33 163
278 56 242
369 280 62
532 617 127
231 147 128
543 597 13
83 529 69
628 532 0
140 50 235
328 210 100
173 315 133
336 619 190
604 330 141
9 230 100
491 488 273
645 399 239
355 483 110
95 479 10
450 619 60
383 315 270
154 488 282
616 193 244
477 139 271
644 174 199
87 33 29
386 20 99
651 375 253
104 496 74
140 315 61
227 40 47
497 194 207
477 178 71
418 24 236
57 10 108
585 123 167
285 510 188
385 503 260
335 633 125
107 142 137
497 369 177
545 234 68
449 53 272
546 497 296
150 555 307
587 482 101
426 110 308
311 521 180
597 224 181
90 357 323
556 197 34
430 110 295
498 585 19
113 473 214
435 623 111
84 553 264
541 347 71
217 26 263
397 623 185
605 56 213
270 638 81
331 411 217
626 251 144
342 390 288
556 168 280
9 278 201
629 161 219
42 379 245
3 144 236
188 91 318
72 388 299
180 87 52
423 81 0
568 423 88
553 348 282
504 383 231
376 380 90
621 423 166
234 426 7
497 640 125
157 80 184
482 260 271
560 26 23
258 620 143
346 541 188
654 414 243
582 158 320
40 122 85
535 382 208
543 221 190
10 405 297
549 229 228
517 158 280
566 416 268
406 130 152
595 126 237
535 50 92
197 91 214
309 652 294
188 563 186
76 599 262
44 490 189
298 375 18
605 283 105
215 32 261
393 653 58
327 530 134
420 95 251
634 404 272
625 619 177
154 63 119
113 107 306
328 431 24
17 378 4
148 594 36
435 329 57
164 657 284
654 445 51
602 447 152
545 415 139
420 569 202
236 50 6
542 379 109
592 422 158
268 597 120
1 374 147
388 565 172
40 587 288
446 531 77
599 445 163
80 207 100
309 443 177
644 353 253
95 288 43
609 556 8
426 583 54
599 339 316
113 380 245
98 168 144
531 135 260
36 242 138
163 551 252
366 537 303
290 1 262
4 636 186
342 430 111
422 372 148
435 511 199
351 610 64
166 483 200
427 545 113
262 76 6
541 442 240
515 100 267
119 131 271
331 473 44
468 263 87
287 40 269
486 417 247
222 609 72
119 404 315
232 9 62
264 550 176
175 407 276
140 552 78
82 225 248
455 35 208
568 349 274
535 203 59
453 451 11
223 570 86
538 144 121
271 408 13
473 610 117
118 92 37
551 174 288
168 656 324
47 592 41
19 469 244
407 291 38
115 514 279
202 394 121
349 33 226
363 507 178
177 651 270
544 544 142
503 54 140
524 102 74
262 147 241
178 554 203
571 12 59
218 240 150
10 589 183
237 320 58
415 524 51
54 410 267
525 281 321
362 174 120
133 436 267
374 614 190
248 553 228
4 114 165
154 124 96
364 387 114
422 171 309
474 251 87
438 118 65
456 506 239
577 7 18
212 382 0
428 656 225
656 3 10
518 183 160
286 547 219
426 312 87
406 154 9
190 592 153
255 390 27
495 335 34
539 574 87
539 370 112
461 369 115
471 229 324
0 541 214
574 335 223
3 109 48
367 299 8
191 555 95
547 418 102
252 325 44
366 206 85
478 36 151
619 533 78
285 533 316
525 449 323
419 478 103
493 187 74
527 378 326
294 293 112
422 546 108
466 280 11
248 100 47
400 87 252
149 398 153
491 266 274
485 53 120
589 573 308
360 442 54
54 78 19
192 526 262
629 334 213
8 609 10
56 351 97
5 526 166
487 359 129
129 187 183
276 144 124
584 530 237
6 584 13
354 118 210
642 115 242
526 123 193
562 205 241
27 236 109
523 66 165
20 221 49
203 497 193
327 449 65
262 456 17
275 152 161
182 163 276
450 57 97
11 620 302
581 647 236
387 538 302
553 559 220
273 130 86
164 484 206
584 114 4
273 415 183
131 597 17
105 416 74
228 427 62
556 351 78
463 106 287
436 1 214
25 301 42
111 465 197
646 391 311
348 32 94
202 190 33
219 295 146
319 523 245
408 421 293
486 253 70
444 57 72
356 82 44
398 193 206
266 208 268
274 556 327
65 100 188
427 345 180
600 32 71
516 440 163
151 268 113
550 81 171
319 437 253
389 177 144
266 469 23
561 111 276
230 176 73
115 629 115
295 571 147
366 429 285
226 606 250
340 499 2
511 186 136
132 576 313
605 210 150
654 113 261
601 369 134
42 484 106
486 147 45
331 513 172
642 108 120
563 448 316
592 327 200
399 459 118
410 433 25
231 429 139
190 399 205
350 467 58
482 296 205
528 653 61
397 637 195
188 568 314
531 502 9
402 244 139
217 22 269
242 279 67
407 469 137
284 188 301
13 12 294
547 566 289
305 305 294
171 494 205
511 393 49
520 137 319
357 354 12
626 622 292
35 372 129
527 656 317
171 37 1
136 610 264
123 284 241
88 481 103
622 335 167
369 223 1
359 580 26
398 549 319
32 584 59
161 480 57
505 651 120
203 155 73
467 278 28
405 367 206
179 357 212
346 68 107
44 454 55
70 194 275
87 226 228
475 413 76
230 286 69
47 489 250
449 325 200
503 72 264
381 252 292
619 624 58
423 11 183
150 107 74
451 220 326
47 64 107
123 320 65
218 367 251
469 185 247
340 30 320
630 437 269
619 425 261
19 190 298
557 366 103
657 186 323
325 233 84
433 383 75
195 627 114
446 438 299
365 146 26
382 118 161
19 80 283
280 125 170
605 51 208
379 50 91
399 402 21
484 177 75
230 372 45
370 186 180
37 577 24
419 327 142
606 346 248
560 653 71
72 600 148
635 347 198
68 88 297
419 572 145
520 171 214
565 567 98
443 631 17
467 392 16
635 366 59
252 268 54
20 366 22
497 344 40
392 412 155
32 199 69
532 62 266
115 653 202
542 438 175
230 273 264
246 251 301
635 529 266
386 549 303
80 388 15
146 122 125
301 180 324
397 55 83
31 170 79
233 54 214
408 310 159
343 557 107
12 560 307
633 288 198
279 394 283
320 567 102
116 236 283
138 633 35
221 7 231
300 240 311
212 17 292
371 386 217
149 399 119
482 374 105
48 21 196
2 368 131
104 510 39
413 648 14
145 238 47
47 564 314
29 118 28
348 515 85
565 6 181
53 514 227
513 562 274
77 564 313
209 37 192
577 476 182
288 622 117
33 37 24
18 93 168
46 441 26
486 374 58
10 453 244
566 308 148
537 386 81
219 595 144
411 540 317
619 170 307
408 203 16
129 247 135
626 319 247
349 148 318
79 158 114
349 92 119
523 629 202
630 190 139
116 627 47
131 589 244
109 365 118
125 494 63
260 488 53
204 180 201
523 285 56
5 2 148
453 525 146
656 524 7
163 640 3
237 139 263
481 249 299
296 374 161
359 3 17
110 233 223
8 124 179
65 129 181
213 609 75
359 633 270
64 164 278
422 401 89
27 224 35
23 521 106
539 248 109
227 358 40
122 367 164
327 458 320
535 39 271
610 425 272
577 515 107
552 279 180
641 332 101
347 381 319
454 262 239
589 489 294
300 637 29
136 307 158
127 210 198
95 162 294
38 107 151
145 1 127
22 11 130
124 384 182
140 206 115
379 164 301
371 464 307
71 626 311
256 121 192
454 242 51
445 280 158
293 452 185
420 500 196
247 650 278
429 133 155
241 538 319
568 251 152
243 349 146
225 605 294
417 401 207
139 214 185
652 533 308
509 321 176
402 568 169
22 365 302
533 632 208
549 542 131
398 128 151
216 379 98
181 139 196
414 304 107
270 299 311
578 150 0
97 578 239
292 627 275
594 528 275
144 419 159
630 186 313
149 428 35
273 609 200
166 391 175
273 4 171
281 608 18
610 47 268
217 365 237
189 301 107
135 472 223
650 470 80
2 620 179
392 235 156
263 428 219
465 43 223
307 351 173
326 329 247
291 547 283
225 104 282
29 240 122
252 258 263
30 260 251
209 653 184
392 284 283
308 117 23
228 451 71
98 145 72
16 436 316
326 29 117
305 58 28
124 310 312
413 340 244
7 576 265
546 336 246
197 644 61
549 214 183
647 312 328
416 355 132
100 49 161
546 380 219
601 504 226
255 259 264
196 292 208
158 180 215
405 403 227
163 295 138
346 310 147
42 68 173
200 168 248
361 56 299
606 657 171
503 281 102
109 477 91
343 636 298
229 409 43
127 572 35
265 286 16
84 328 110
283 554 278
558 257 32
554 231 57
397 102 35
525 238 184
287 581 188
256 153 268
655 306 208
32 598 165
378 50 190
185 359 86
161 259 40
193 156 271
276 553 44
641 446 282
167 75 232
381 358 56
346 355 59
225 413 328
416 159 75
277 345 106
60 506 36
100 67 218
397 343 139
112 326 256
92 519 29
21 268 84
77 614 136
491 181 220
162 597 51
566 242 93
40 302 270
432 428 8
321 167 48
158 306 72
440 424 288
140 445 228
224 548 184
57 381 63
278 569 28
26 504 271
119 544 270
60 318 41
94 8 208
471 166 211
543 606 306
503 115 119
73 365 9
283 423 62
17 43 302
375 69 174
343 214 61
613 274 76
22 368 110
257 207 276
139 119 251
472 622 63
591 63 99
601 372 219
360 416 288
30 133 28
205 502 268
292 483 213
39 506 278
505 105 183
478 270 302
400 84 292
489 18 26
260 645 95
479 347 182
110 377 12
493 608 185
433 242 11
14 308 214
648 155 16
173 633 286
475 402 42
109 233 86
490 519 99
611 367 117
465 503 191
477 338 142
360 139 55
68 180 60
282 170 215
627 369 217
584 212 316
652 347 220
106 179 82
205 158 120
19 623 294
211 469 0
379 171 166
131 265 43
192 547 239
433 516 279
18 468 162
5 489 180
226 621 56
334 195 214
151 214 206
471 451 17
471 172 214
5 330 150
377 522 65
287 323 278
566 342 114
425 347 274
631 573 264
384 275 130
270 426 41
173 239 164
545 79 33
456 84 34
632 488 253
39 117 248
14 52 261
457 503 305
100 477 247
364 203 193
165 499 291
206 40 227
67 585 306
127 383 88
490 383 247
112 422 61
31 462 113
318 262 314
294 362 133
212 94 33
406 259 230
394 491 270
621 559 198
296 54 278
55 544 30
302 656 123
60 55 283
503 399 216
185 36 275
318 274 40
48 22 299
278 442 158
549 432 85
115 70 139
90 151 52
449 479 76
599 539 132
553 410 202
137 595 264
83 281 210
123 330 258
448 634 43
606 551 172
60 8 268
225 125 90
277 600 240
354 541 147
512 462 229
411 599 192
347 24 145
557 173 172
183 621 148
226 596 42
95 656 76
34 223 227
124 527 170
61 223 79
564 77 213
135 514 180
353 203 205
169 128 49
341 312 39
516 564 306
584 2 1
2 36 250
230 187 119
400 274 39
505 180 142
389 341 328
241 37 228
143 232 28
218 600 11
257 458 246
260 384 274
287 412 311
538 642 195
25 410 140
420 258 18
259 15 30
587 282 67
487 425 326
541 644 268
223 269 68
495 556 149
112 185 232
423 91 243
315 117 324
481 563 279
170 164 321
201 120 274
294 633 68
620 516 80
230 81 20
324 576 247
144 30 104
403 479 221
646 162 35
9 644 269
289 156 131
636 383 251
581 20 252
320 8 110
97 265 217
118 589 161
62 102 218
192 505 65
414 493 228
120 502 214
416 159 67
218 163 122
166 87 168
89 433 202
554 531 138
442 17 96
274 105 198
163 298 45
558 80 235
483 226 105
368 642 291
461 228 125
280 394 238
145 483 14
19 379 242
183 189 285
279 464 61
477 653 56
548 579 136
480 404 34
283 140 18
245 628 247
396 250 9
635 396 190
17 441 240
614 624 127
570 272 288
657 117 283
385 34 231
192 514 3
252 165 170
271 410 140
544 175 61
553 152 154
440 195 292
23 151 285
505 63 228
135 62 42
418 473 76
17 8 262
21 260 98
191 557 206
331 469 52
89 391 230
270 173 96
259 222 247
215 69 7
469 204 95
183 649 240
588 8 248
218 55 205
14 246 105
246 603 271
653 61 4
554 357 178
650 616 71
265 200 141
601 11 16
367 220 33
633 151 42
223 395 123
126 435 41
586 23 12
199 18 73
204 598 101
382 616 60
150 223 286
620 166 297
5 560 189
64 535 37
106 127 129
230 253 262
626 207 285
309 406 1
80 636 296
207 386 255
293 537 149
579 525 13
219 556 244
105 621 147
168 95 300
652 351 250
256 345 128
568 23 206
240 103 210
562 310 268
159 604 147
638 551 40
651 138 268
592 243 257
436 437 23
408 432 72
0 56 88
458 624 111
32 232 240
242 137 222
207 296 194
25 302 113
421 321 252
57 281 192
314 60 301
34 494 101
106 494 157
524 320 150
332 378 53
244 647 216
492 196 184
54 248 183
167 11 202
419 68 154
283 408 240
610 442 76
79 575 268
262 467 259
412 141 6
137 385 324
50 245 217
260 299 136
115 467 173
317 254 267
142 563 17
80 515 157
485 620 74
95 225 212
52 637 50
387 142 107
79 193 49
625 453 20
130 594 184
329 253 135
597 422 41
640 502 253
468 329 216
239 451 112
477 503 117
199 258 260
332 363 124
52 356 274
72 486 211
611 158 161
89 123 254
130 105 124
80 600 125
625 181 273
105 1 144
223 200 73
509 532 133
330 610 160
604 51 15
183 4 199
16 93 322
270 249 124
395 330 66
217 323 274
516 455 275
2 20 172
430 555 72
563 227 24
420 199 75
106 383 106
2 399 199
21 37 146
146 458 173
238 43 167
512 559 319
155 561 10
24 333 262
451 264 160
173 27 31
577 159 85
380 162 181
251 183 218
423 355 45
267 620 88
460 474 319
451 656 248
487 48 279
421 526 214
607 41 241
309 644 72
420 367 260
272 618 114
188 409 167
562 44 129
347 504 300
8 323 324
257 179 44
233 626 241
447 575 282
57 227 268
458 15 306
415 314 292
529 528 69
393 458 113
193 147 315
494 156 6
160 439 185
559 14 153
168 487 97
476 544 21
113 370 36
116 127 21
106 25 246
504 418 46
315 612 194
630 474 47
636 634 183
190 562 223
369 72 52
466 549 268
158 4 6
550 146 134
597 252 159
515 99 274
232 414 254
97 412 70
144 416 47
24 606 306
576 344 49
326 152 295
620 337 325
626 229 143
128 168 66
313 25 191
259 258 302
184 381 56
584 552 144
328 576 118
634 495 133
380 189 312
44 151 320
369 119 246
209 248 85
276 561 137
493 188 92
467 373 144
220 299 38
390 653 312
509 655 175
339 377 35
322 421 186
10 159 2
585 368 250
39 12 180
176 506 39
623 341 83
109 561 79
174 294 100
157 171 97
29 510 146
64 175 264
276 185 94
607 139 160
555 178 172
406 380 46
471 345 58
252 454 317
331 654 308
458 179 150
555 208 28
398 272 203
31 548 86
480 524 225
640 421 100
155 169 151
227 8 193
615 260 15
300 618 12
305 418 191
455 341 97
483 82 40
55 113 286
496 593 152
418 602 270
518 99 136
366 352 144
559 335 76
574 635 62
612 282 151
146 105 189
598 615 271
6 12 81
621 534 43
470 294 316
82 154 112
547 546 135
389 447 142
491 389 145
553 344 99
401 516 230
590 456 187
230 462 225
640 426 101
380 264 92
64 373 272
505 288 160
641 19 278
480 510 36
296 405 51
421 174 238
652 107 36
207 363 195
459 371 318
560 94 254
350 158 298
293 6 283
125 15 303
429 521 155
465 185 258
213 607 129
451 627 236
513 176 270
380 635 313
40 564 104
623 256 262
289 575 294
244 68 6
244 498 224
96 331 81
354 545 30
181 364 25
88 220 201
385 600 205
395 8 137
525 632 64
155 289 7
450 559 76
153 145 271
378 242 273
156 622 186
515 145 222
211 260 113
109 13 81
643 434 89
477 301 89
541 456 76
575 274 306
651 428 149
593 174 88
234 356 78
421 239 250
314 450 181
453 585 220
534 597 22
623 416 323
81 326 147
486 243 93
160 262 218
638 197 89
68 431 116
147 220 26
423 534 173
301 329 100
192 231 65
543 223 153
563 304 176
381 132 116
474 292 49
363 299 272
478 393 71
265 566 292
291 331 194
161 632 195
591 192 123
353 77 17
532 640 321
379 390 150
521 206 140
241 596 110
210 442 200
637 50 109
600 367 111
491 529 112
54 488 304
507 183 79
524 84 87
188 463 148
35 353 26
175 620 319
640 173 103
183 152 179
318 120 218
100 611 115
567 8 274
543 541 154
622 407 238
51 621 70
529 657 94
581 200 56
597 209 255
397 392 104
248 52 224
492 178 204
607 114 238
552 657 121
74 647 199
313 40 189
409 595 214
174 518 85
585 483 294
512 223 54
642 497 132
209 331 8
413 280 122
651 200 121
140 274 110
36 613 176
554 390 114
439 564 0
551 518 181
187 398 75
268 382 243
400 617 245
79 372 222
556 391 119
348 557 90
155 594 72
29 490 133
472 272 40
169 191 255
350 378 21
122 14 74
365 415 34
307 520 103
555 419 192
345 135 91
436 317 27
508 346 215
338 186 184
75 381 46
330 74 121
351 196 136
123 588 222
512 263 110
615 161 226
504 532 59
267 336 47
649 212 90
232 551 302
87 626 25
133 299 125
584 18 322
391 141 278
639 21 238
117 637 70
15 509 300
100 144 307
502 136 191
592 368 110
262 482 78
287 615 74
413 567 119
103 326 286
407 333 308
316 451 313
387 492 164
384 618 309
33 462 142
579 396 207
386 0 31
136 313 15
236 68 253
381 197 277
10 604 281
318 263 100
631 18 289
163 402 249
472 461 53
285 409 146
519 137 172
550 299 157
565 562 251
516 285 120
135 295 92
87 639 52
543 638 70
174 144 169
424 642 328
477 296 79
295 157 242
164 49 213
321 641 117
573 499 99
390 634 66
179 89 73
232 632 54
328 149 224
169 599 208
523 418 201
602 81 29
212 246 105
96 593 88
568 534 284
10 266 260
431 472 46
175 46 47
584 374 196
505 569 137
411 434 252
612 378 31
313 591 303
89 55 238
532 650 115
158 28 78
444 459 221
161 2 293
537 613 10
430 460 250
264 213 27
543 194 102
245 507 61
245 622 143
154 522 135
624 22 163
45 466 319
621 653 18
586 559 302
293 357 131
569 648 15
596 533 209
396 146 84
128 417 74
626 571 267
432 538 315
292 609 149
637 598 171
327 552 72
655 187 126
128 99 116
499 63 17
379 485 189
161 614 277
564 608 217
200 383 123
541 43 100
33 49 40
204 376 264
302 373 148
99 528 273
571 369 34
285 116 190
146 277 172
449 210 123
8 436 203
157 319 272
257 352 321
298 556 65
259 226 110
433 326 6
75 265 46
438 550 162
628 64 137
169 540 18
292 574 125
192 74 141
135 331 165
128 655 89
522 256 316
0 58 10
6 133 301
407 597 193
241 593 284
378 104 166
93 422 82
244 614 156
56 92 185
247 246 182
363 110 110
47 137 194
83 169 327
384 577 266
577 186 201
229 590 3
395 51 96
504 295 53
2 377 171
516 625 88
396 356 224
506 403 32
68 486 228
421 212 147
29 157 30
256 387 291
588 150 13
53 654 5
106 25 79
277 567 72
36 305 99
615 179 173
16 247 27
244 10 239
417 65 94
118 348 152
435 304 328
145 357 22
176 463 47
584 108 285
328 170 262
453 128 138
298 144 57
654 414 93
591 173 159
27 317 178
534 120 153
559 291 182
581 467 13
628 419 122
611 89 292
241 543 117
50 209 261
107 231 17
227 164 216
386 217 230
261 119 21
440 21 312
319 602 147
4 573 238
481 526 24
470 109 264
588 185 144
217 319 73
261 546 263
477 300 152
379 561 271
426 369 292
81 31 263
254 61 178
163 568 72
188 380 207
123 336 63
294 554 53
38 157 296
630 2 267
150 407 196
422 176 237
82 283 294
345 537 52
549 43 291
647 257 39
196 380 47
615 16 298
36 80 126
4 53 154
271 229 233
468 19 106
402 102 60
367 473 294
419 391 8
407 380 291
117 577 40
190 560 56
159 596 163
311 600 242
466 214 142
396 50 162
502 452 290
233 187 131
527 632 193
233 381 245
221 524 190
590 83 92
344 242 56
178 580 328
91 414 239
259 152 315
447 654 109
79 255 322
237 150 296
101 409 45
372 631 240
588 563 20
48 249 289
105 453 211
130 544 296
395 172 119
52 619 141
187 67 67
509 304 217
147 405 298
218 146 271
155 76 202
176 125 123
465 230 247
18 386 160
11 123 3
156 175 319
297 362 57
35 239 32
607 412 135
247 630 281
544 127 54
89 303 179
541 136 106
156 180 163
342 191 286
42 347 158
362 644 217
90 47 127
149 655 210
639 270 208
591 157 7
13 246 7
193 155 144
654 337 324
160 22 213
472 64 231
302 452 244
519 543 317
318 60 314
554 41 282
105 0 110
467 13 53
474 232 234
644 229 242
311 415 290
195 229 52
452 531 175
64 419 86
382 105 146
64 1 213
17 132 239
153 599 279
535 442 182
466 428 108
77 107 194
367 328 95
90 149 323
292 213 84
378 621 215
551 28 217
132 71 46
372 225 14
651 128 127
530 595 252
639 14 57
504 407 82
625 524 257
620 158 168
401 562 131
288 455 185
202 588 257
248 328 179
262 321 4
86 193 296
365 200 7
119 47 86
201 14 281
485 2 136
324 404 40
126 60 167
641 262 123
595 536 122
142 167 140
475 279 30
114 12 231
450 131 278
562 359 318
540 186 321
18 510 93
59 636 179
581 645 138
401 608 42
523 92 209
360 594 186
390 76 198
647 552 1
293 483 31
612 365 243
301 384 95
420 443 99
599 392 87
434 135 63
147 26 156
54 386 118
240 144 220
438 134 114
136 427 268
193 407 305
436 76 57
531 522 197
631 489 260
86 265 66
149 413 92
331 467 175
449 75 16
11 513 150
152 18 275
117 211 50
448 648 127
505 547 320
373 520 152
633 632 114
396 124 198
185 455 33
386 273 108
74 310 319
553 488 8
196 606 219
247 396 235
400 244 125
417 643 13
266 645 317
381 383 138
276 595 290
639 323 260
444 397 242
105 319 98
442 541 46
359 156 140
265 556 81
87 316 66
430 608 53
115 331 134
608 608 97
240 615 91
198 401 186
466 533 202
564 317 85
611 44 242
422 336 166
503 423 179
595 221 130
649 336 158
480 312 108
248 579 91
365 119 190
222 585 65
450 491 79
536 444 124
146 234 131
338 105 251
215 43 144
16 34 177
174 540 161
309 130 82
426 495 227
287 86 154
23 536 316
103 440 129
253 612 60
81 293 166
332 508 209
147 550 269
325 92 151
183 427 307
620 196 170
518 509 256
343 533 161
27 4 272
182 257 227
572 364 217
435 38 93
315 186 11
281 537 129
103 62 228
107 24 121
606 568 301
534 279 202
366 306 232
6 515 186
259 455 221
147 232 260
595 573 143
277 196 22
104 325 110
332 432 160
150 380 70
477 256 20
22 648 23
254 23 235
112 282 32
333 456 290
619 393 205
433 39 72
126 143 68
591 501 171
422 19 249
163 496 176
209 518 193
562 141 216
139 279 195
198 638 322
488 600 84
36 375 123
463 528 292
558 461 161
426 252 180
17 415 18
549 651 234
413 555 46
326 62 22
521 260 2
541 117 273
296 153 17
116 642 242
105 542 71
595 311 323
446 328 107
161 219 100
395 0 23
138 352 85
160 216 43
163 125 160
133 421 10
505 563 323
115 10 234
213 605 216
562 419 241
11 580 158
137 344 158
160 482 182
272 11 95
12 200 220
527 359 9
537 233 243
557 348 279
462 587 226
46 492 13
643 503 290
143 9 305
327 169 156
206 467 193
301 505 64
547 374 120
582 279 24
496 179 70
446 9 328
369 82 162
79 67 34
370 236 43
372 563 238
225 112 74
115 439 250
205 329 296
655 279 246
47 118 122
446 590 132
117 328 214
305 433 307
339 171 214
408 570 145
647 137 257
63 279 65
642 484 91
306 481 41
224 529 159
346 343 118
504 460 143
60 134 247
393 473 90
278 250 2
95 239 165
49 328 115
443 338 297
534 645 120
247 211 17
103 583 58
576 430 215
61 516 20
6 252 191
122 556 112
124 651 48
315 69 47
102 512 56
399 415 69
545 4 306
589 133 232
318 52 30
533 139 217
251 145 166
442 267 65
251 417 84
299 75 153
17 203 34
99 628 120
169 541 150
475 498 283
75 184 32
105 86 172
20 337 14
212 147 308
303 398 93
388 39 168
567 82 68
601 181 64
392 376 277
213 220 117
194 295 328
226 427 85
424 473 93
110 53 240
115 357 6
537 87 45
403 654 153
471 624 5
536 384 79
510 598 299
324 160 291
323 386 86
408 153 256
198 289 310
135 404 9
496 309 122
212 54 144
36 552 136
68 430 192
502 308 158
498 632 318
157 298 46
244 74 225
197 299 211
204 460 286
568 299 293
361 537 18
203 600 241
10 10 39
228 538 18
386 378 322
46 535 317
119 147 88
344 371 84
227 575 242
539 486 212
503 215 117
548 418 59
460 455 69
197 25 304
215 412 24
234 484 257
577 603 75
337 290 117
447 543 61
360 450 218
598 322 104
58 212 220
117 40 17
213 237 68
188 479 177
568 55 4
167 633 278
597 338 265
83 153 150
144 540 298
33 480 291
137 538 174
54 24 240
400 237 149
166 451 325
343 361 51
347 528 52
323 494 87
588 577 267
107 63 149
76 122 300
367 285 207
238 340 231
149 108 165
324 274 287
320 644 320
398 359 216
476 24 52
261 639 326
199 88 86
19 164 208
345 531 191
552 137 228
151 286 7
645 637 308
275 299 294
292 65 21
179 568 72
587 171 53
281 396 141
39 415 305
602 128 204
161 49 12
60 200 324
68 188 303
402 489 274
64 123 36
85 328 275
157 283 117
210 591 184
351 630 296
24 600 122
254 104 171
595 164 68
591 258 282
591 2 113
233 66 262
599 152 288
242 335 268
31 546 201
241 265 199
235 316 142
357 570 272
554 534 133
293 493 63
247 426 65
57 2 158
17 627 7
305 211 13
270 268 256
143 510 219
39 113 206
536 496 144
479 392 20
613 27 184
373 300 308
109 384 310
622 401 305
629 74 187
340 344 127
596 513 5
512 553 118
86 457 285
231 279 45
277 260 72
133 633 70
467 110 125
145 75 197
450 72 297
308 412 312
461 377 194
466 231 115
584 318 243
566 575 193
282 194 150
52 353 125
122 162 236
602 307 8
167 99 80
464 434 190
447 237 238
338 46 166
124 656 155
368 591 98
258 215 293
409 293 317
560 441 177
164 385 155
501 552 281
279 384 57
469 200 294
404 538 37
570 5 62
423 399 324
192 25 236
182 434 201
526 363 10
374 527 93
529 397 13
152 44 69
235 539 269