643
411 368 207
19 421 63
543 146 66
617 33 283
100 245 221
15 578 76
348 263 207
258 240 185
630 552 186
303 58 142
31 506 68
336 561 320
495 462 178
64 436 100
252 572 51
549 587 287
536 292 214
518 587 166
98 610 212
512 270 21
444 302 117
102 31 238
216 562 25
441 20 185
128 272 277
60 214 241
571 108 138
95 626 300
502 117 115
212 23 183
624 467 25
291 605 286
520 179 204
568 13 97
409 142 181
216 238 103
3 166 125
82 297 201
106 193 311
96 405 69
357 422 123
313 107 219
301 627 222
244 553 57
207 355 76
442 607 262
284 610 262
235 50 288
205 156 51
292 252 220
439 3 290
446 352 127
415 10 154
564 290 210
83 497 23
423 332 57
358 617 45
460 209 312
253 450 127
238 135 316
22 574 30
265 413 257
614 186 254
305 107 223
585 190 195
578 6 281
535 364 197
459 218 136
470 507 231
29 138 16
484 161 16
335 462 84
539 433 253
146 132 36
79 110 64
510 45 92
595 616 246
82 433 215
422 296 151
604 325 106
279 203 231
565 574 175
621 470 250
220 9 290
605 125 184
573 635 139
511 587 282
206 63 15
156 485 89
612 482 57
528 119 236
34 77 267
609 55 85
404 311 267
366 309 72
403 239 269
522 143 110
614 385 112
532 541 23
139 511 74
71 432 214
207 467 70
310 469 115
240 266 281
216 633 79
317 393 30
447 308 90
521 315 185
51 204 140
66 343 176
599 415 195
2 15 242
124 325 288
338 565 11
255 175 274
482 528 230
304 332 20
306 246 313
14 297 95
299 399 280
489 356 32
468 394 229
307 518 39
615 249 5
583 505 189
541 344 157
250 5 44
339 311 26
64 361 81
30 54 298
340 543 296
493 404 221
626 68 280
512 76 130
285 17 54
305 594 63
211 237 256
449 576 12
326 641 160
537 28 129
469 404 28
185 255 120
296 274 190
318 143 205
553 465 177
44 127 312
557 338 129
433 180 292
14 543 150
599 437 304
631 263 141
599 485 198
328 174 131
125 492 164
34 438 50
640 518 163
590 433 17
98 223 300
183 237 259
302 229 296
450 253 1
395 209 243
595 537 28
426 55 210
436 126 141
305 123 266
301 106 258
28 204 305
615 424 168
459 83 5
98 569 64
0 321 186
459 273 289
413 56 308
252 529 61
565 191 46
75 528 254
54 592 105
293 565 279
126 417 216
224 515 154
576 551 232
531 367 8
380 173 185
320 461 34
351 384 111
576 495 5
265 550 308
158 236 288
475 362 204
232 586 218
595 556 76
601 444 208
273 181 66
37 501 47
295 245 223
172 215 286
542 480 38
254 638 105
567 470 13
618 59 274
578 48 56
483 6 120
112 315 45
593 352 139
250 40 76
291 213 222
185 148 122
21 438 202
94 362 31
564 373 214
335 309 196
55 185 141
219 297 57
600 247 62
233 498 53
111 182 279
240 367 220
206 425 252
131 555 206
598 476 34
481 205 274
413 260 225
386 516 95
32 473 271
66 63 91
140 210 99
464 450 259
328 13 154
631 180 25
9 135 71
404 617 312
501 423 26
140 166 297
76 234 71
332 300 196
442 477 225
92 334 193
146 19 20
624 7 295
408 53 273
25 457 235
490 316 57
1 492 201
29 569 16
530 294 136
487 93 295
12 222 130
24 368 47
49 385 297
290 150 125
24 175 207
447 58 38
614 60 164
341 89 292
302 12 51
563 499 107
88 512 305
589 572 195
467 621 184
425 268 231
399 329 152
224 133 261
401 141 126
428 482 45
380 141 89
20 97 65
396 185 131
351 132 159
31 599 101
132 417 253
420 174 245
241 434 176
120 193 172
95 621 45
195 394 64
343 414 298
311 203 10
221 554 42
59 621 305
519 147 132
640 567 224
483 165 146
459 321 120
577 416 311
569 4 48
24 347 211
255 52 10
28 309 5
613 368 68
511 280 64
183 277 156
66 117 106
419 613 245
322 583 308
239 509 89
586 533 181
62 181 9
421 246 25
84 216 253
368 84 219
157 303 178
549 369 237
463 145 253
92 503 145
138 99 212
224 79 128
14 177 125
536 598 280
116 75 247
65 444 10
295 637 275
195 543 305
248 399 244
272 492 146
271 630 135
101 211 310
537 261 55
511 190 206
88 307 128
524 408 141
437 60 57
10 291 217
632 576 153
114 205 296
135 512 59
291 7 173
563 544 295
333 412 248
94 536 244
610 453 283
284 283 194
595 293 89
199 283 204
239 433 83
127 604 192
39 288 34
197 208 311
617 541 253
621 636 140
288 603 83
400 281 160
609 233 190
466 469 224
256 65 303
287 228 67
223 303 157
167 537 243
11 547 310
304 525 313
525 207 312
557 607 126
264 573 65
265 432 94
549 45 230
52 368 128
123 628 235
519 152 201
480 163 136
339 503 219
228 422 307
149 336 294
315 636 52
107 259 314
369 201 251
124 254 16
108 413 238
432 289 125
6 162 173
128 502 316
169 123 51
416 272 36
628 623 110
164 87 143
168 492 223
217 10 146
28 118 96
467 586 47
451 593 36
599 114 54
36 319 93
502 93 212
54 114 80
278 278 84
83 482 317
161 57 48
457 85 47
559 553 23
344 361 62
292 353 96
98 389 90
100 248 217
337 338 197
591 617 13
325 93 302
551 254 30
145 104 108
536 20 65
227 401 26
548 50 163
376 184 16
523 284 23
121 15 222
476 642 265
502 324 296
368 232 285
291 413 242
336 342 263
326 606 7
35 547 152
134 280 111
622 196 161
144 317 263
5 150 293
483 46 150
447 414 16
58 99 259
416 471 218
188 154 304
360 226 55
619 360 277
455 375 29
575 519 172
104 525 191
274 401 101
162 206 272
282 300 91
244 74 105
549 262 126
174 15 181
418 634 44
299 446 305
377 415 278
129 519 252
103 186 35
124 348 245
595 23 204
558 304 17
349 210 269
330 421 4
574 196 18
498 496 31
191 230 70
403 395 213
497 534 297
385 15 82
480 3 228
268 561 30
130 303 27
290 27 67
465 601 20
25 492 26
32 40 251
453 443 21
108 333 237
628 112 39
246 592 203
531 217 316
477 383 277
27 30 29
640 531 6
200 557 117
256 589 160
578 399 279
9 507 82
618 528 248
635 132 312
12 56 225
630 570 189
266 597 152
607 630 187
264 224 243
413 480 284
602 416 312
21 461 289
453 472 121
317 500 77
167 513 132
269 536 179
112 195 61
627 160 283
424 424 292
99 194 46
399 189 116
456 211 202
413 21 86
291 374 194
338 577 21
441 204 204
471 316 309
491 336 299
498 118 248
123 253 205
264 46 195
178 538 311
589 344 111
187 635 164
286 366 210
290 164 16
188 635 93
318 483 272
607 375 284
71 534 119
335 155 177
182 333 265
276 279 283
427 467 31
346 146 94
163 436 213
256 18 63
22 372 141
160 336 90
417 443 202
320 136 66
269 354 187
113 24 58
301 487 153
517 190 210
421 389 250
526 2 225
16 60 308
25 221 157
410 638 19
78 315 33
545 584 73
130 90 60
638 391 105
363 265 238
234 80 93
542 642 194
260 15 58
351 40 212
135 486 230
398 565 299
191 503 139
374 26 83
581 22 93
632 385 65
267 620 160
328 555 203
391 172 189
550 523 259
252 51 184
627 486 29
68 70 182
128 444 188
243 418 38
141 443 274
305 68 259
585 432 244
185 216 201
515 123 236
243 375 183
457 396 316
22 464 279
90 592 213
220 228 295
373 406 125
304 104 193
248 47 272
104 268 167
168 141 257
149 384 46
182 234 84
129 256 29
147 382 273
1 602 259
274 368 264
347 65 32
524 313 298
526 417 49
65 622 47
406 128 163
480 346 7
379 512 182
99 16 92
448 53 314
382 327 246
115 67 277
595 591 162
480 510 7
26 575 15
356 375 286
427 248 107
89 628 302
43 84 187
379 532 297
103 307 216
196 422 139
355 411 189
184 284 319
502 310 305
157 23 85
583 486 279
105 575 7
140 11 193
190 390 285
330 493 83
155 83 106
83 438 64
638 15 120
382 517 138
131 31 282
218 7 141
590 113 296
304 253 287
103 443 138
470 167 163
465 322 220
312 441 265
570 436 71
469 212 220
71 343 152
339 597 19
486 545 180
601 242 43
48 381 301
600 208 289
396 67 155
238 379 291
555 343 313
243 169 82
449 241 157
80 616 49
361 460 291
148 454 44
152 503 278
28 496 181
72 249 224
473 524 56
30 472 63
59 108 44
300 558 0
241 31 281
136 428 251
613 576 206
82 121 43
539 185 221
598 257 127
117 124 301
16 154 46
293 249 260
61 549 201
142 183 274
161 319 109
32 325 207
358 407 290
616 340 135
85 295 166
446 413 15
81 465 294
224 115 285
475 213 70
35 355 127
268 552 117
359 585 9
382 336 34
563 346 216
286 431 26
302 234 10
443 351 224
94 611 275
67 479 274
588 514 85
7 176 59
424 535 57
559 310 285
495 230 145
92 516 43
57 176 174
434 619 129
27 106 275
378 173 95
335 155 42
4 162 139
262 622 38
498 538 15
428 427 291
96 519 293
196 612 186
565 404 239
36 431 36
153 202 185
107 537 113
576 577 269
613 197 313
543 52 69
140 516 10
3 6 31
383 238 89
368 160 11
329 232 138
433 422 103
103 529 248
607 498 134
630 469 208
632 369 206
565 545 211
283 548 114
556 325 144
155 50 290
195 380 41
58 206 109
124 345 83
119 309 124
49 296 185
212 285 169
464 207 159
625 490 57
149 403 89
554 595 120
512 147 320
60 205 152
102 329 307
31 485 71
458 534 151
68 140 33
119 640 224
36 622 94
501 128 246
42 39 129
276 551 7
283 5 204
496 107 316
411 174 68
635 632 236
584 93 64
139 212 80
616 248 38
334 143 120
456 221 13
565 533 143
179 173 27
641 26 163
182 437 244
209 465 7
163 406 24
257 581 9
384 590 187
490 282 228
81 131 221
426 89 150
0 268 267
295 302 150
90 485 291
59 51 187
18 250 174
107 507 285
408 248 103
386 131 227
508 212 9
243 638 84
512 31 72
310 362 243
171 452 205
468 512 211
624 566 176
578 30 96
471 474 51
347 254 79
505 119 232
187 362 202
601 267 65
641 578 168
377 142 219
597 610 140
262 627 191
140 563 145
598 427 126
17 131 70
247 29 137
45 216 228
554 210 103
451 245 284
103 622 279
244 612 312
254 231 248
224 372 127
260 363 234
163 416 98
321 20 63
597 66 206
22 620 223
322 464 49
628 567 317
398 169 201
207 459 167
0 76 1
357 372 121
533 536 189
234 250 286
642 240 254
624 263 296
209 621 156
39 642 187
527 433 35
341 640 278
387 641 279
198 391 49
408 281 287
392 551 101
360 551 134
466 532 109
549 134 246
489 173 256
353 57 28
423 434 129
309 215 232
271 449 8
642 215 12
263 607 276
170 360 288
318 219 119
121 125 313
546 7 209
363 396 192
613 176 142
218 485 159
500 150 244
494 149 128
199 449 69
455 619 149
12 294 48
137 452 315
360 391 75
185 111 225
67 117 92
419 372 205
308 229 271
39 117 203
628 316 34
574 128 50
273 176 134
155 313 5
234 66 163
320 251 154
159 354 6
211 130 34
106 474 285
186 513 309
452 534 51
524 465 176
573 131 262
309 286 39
533 556 5
469 233 116
552 429 243
145 640 139
147 139 218
342 362 12
47 207 40
68 89 233
253 55 100
7 400 8
74 290 70
207 116 242
627 61 226
115 242 182
412 389 246
541 124 302
541 171 232
432 275 254
181 564 98
62 571 287
266 38 116
383 245 1
126 265 96
299 416 86
541 186 192
279 84 55
416 18 307
117 450 34
622 632 241
539 87 40
213 353 163
213 129 175
329 256 311
542 591 306
390 489 165
21 125 106
420 577 140
419 87 309
14 66 135
210 605 107
371 211 99
606 424 247
443 146 17
546 81 277
459 508 246
557 529 171
169 342 32
407 118 316
488 169 312
594 415 52
108 179 210
48 142 126
118 586 188
479 525 105
146 341 215
337 292 0
83 461 159
371 225 102
103 106 303
580 57 108
377 202 198
422 286 281
284 404 210
256 277 296
346 423 137
265 153 150
143 237 120
363 1 121
94 140 71
638 77 175
347 491 14
271 306 76
374 590 153
420 203 261
385 550 289
12 208 162
610 351 52
383 71 312
418 166 227
560 197 110
152 580 197
625 208 125
62 619 273
583 396 119
131 138 90
102 186 80
263 189 273
53 573 3
524 384 130
455 337 63
500 489 163
393 471 239
628 570 252
167 546 91
553 35 236
238 137 184
168 436 83
450 526 240
160 407 134
108 219 88
217 113 211
263 506 194
589 528 115
213 52 59
269 605 218
499 237 307
273 405 169
273 212 108
202 408 48
516 516 31
561 90 285
452 389 44
207 336 74
569 585 259
191 211 10
491 67 126
321 377 298
624 7 91
167 209 216
117 119 95
287 73 42
605 561 222
144 125 299
247 87 1
403 278 197
521 126 277
269 484 173
422 465 221
145 633 273
313 107 141
318 430 235
485 429 56
399 609 119
42 214 220
270 10 27
102 531 13
2 193 231
314 615 72
598 118 34
520 431 29
561 142 87
32 20 106
64 420 198
257 498 300
538 162 30
491 264 293
570 302 252
526 617 137
304 572 293
73 485 294
21 403 167
435 435 276
636 535 132
160 149 287
613 81 169
397 608 160
105 535 283
42 418 3
594 79 115
15 188 250
509 245 228
575 74 216
18 67 17
560 263 72
314 233 143
267 630 5
484 128 245
360 206 199
247 157 124
62 172 56
363 75 275
459 43 228
348 61 274
128 621 37
94 328 2
177 631 14
189 472 162
129 226 124
523 473 223
390 571 177
481 327 78
174 144 161
621 528 245
491 13 141
18 144 137
420 321 197
203 547 45
113 69 80
266 593 121
576 376 79
451 250 21
402 424 106
431 438 162
522 287 206
626 341 311
452 118 163
267 321 155
590 471 75
496 94 191
268 63 238
611 550 136
639 345 161
168 134 219
261 49 197
368 32 132
11 521 280
12 145 80
524 128 202
535 624 60
495 249 198
189 253 84
168 250 184
572 454 204
165 109 136
80 477 54
301 524 94
69 537 65
122 454 12
40 346 268
87 199 312
234 424 223
288 592 23
44 558 3
614 116 71
625 196 45
26 533 168
627 602 283
123 118 224
354 158 250
602 281 301
492 515 226
29 160 230
458 241 269
56 248 310
406 266 93
19 293 141
157 313 275
224 437 3
139 184 33
437 180 105
290 65 280
604 94 70
260 553 300
510 2 76
233 445 244
152 464 149
641 14 138
483 275 275
406 414 251
560 208 199
316 535 246
623 532 157
520 185 25
622 52 38
401 285 266
447 473 44
178 508 252
223 348 141
98 147 188
158 64 3
433 416 139
167 397 249
639 274 106
413 290 232
154 84 295
376 531 320
456 67 128
550 326 179
276 425 224
416 619 227
194 445 159
507 613 182
102 609 162
525 379 79
357 570 262
546 339 59
566 188 59
450 95 147
112 371 276
528 181 241
401 375 56
48 240 221
128 378 183
519 261 289
592 11 187
107 558 75
190 481 320
339 324 141
208 436 255
502 321 139
129 116 49
202 164 261
280 329 178
325 205 158
178 154 180
601 298 151
113 488 70
457 220 251
290 465 45
494 324 184
236 490 252
353 85 19
104 365 242
233 83 188
623 261 54
381 255 169
91 369 136
281 219 14
153 509 272
462 396 87
521 632 20
53 379 196
392 483 58
454 73 180
113 89 71
606 506 309
111 597 258
104 236 238
390 425 71
461 244 263
286 158 245
601 211 318
358 640 34
553 451 213
188 600 50
84 564 231
272 32 82
222 173 110
392 563 313
464 417 28
325 61 79
176 19 10
406 414 92
476 324 247
12 548 21
316 25 296
484 298 25
642 556 102
393 341 36
569 162 284
419 488 224
428 57 265
5 464 213
186 297 195
247 346 119
265 19 192
205 539 267
213 538 281
430 288 82
531 251 64
442 63 168
451 491 250
479 496 240
314 75 104
509 322 122
609 624 276
91 222 21
551 471 215
317 258 192
424 182 264
51 624 138
202 468 148
447 304 234
476 11 33
196 520 247
262 522 306
384 7 0
402 594 113
351 268 241
589 49 284
471 137 138
417 339 26
247 179 147
573 13 138
332 245 128
450 544 98
548 321 57
262 116 204
446 467 110
282 450 247
263 278 221
298 88 200
123 335 47
288 266 69
500 634 49
554 441 295
560 383 188
536 2 255
464 484 206
52 123 96
369 423 189
180 78 304
367 237 13
90 561 311
505 419 268
558 366 198
513 283 273
181 213 104
609 34 194
218 122 5
313 528 212
79 65 175
577 432 240
161 558 235
46 420 44
566 336 233
242 242 7
336 423 64
433 389 220
407 0 11
504 313 191
418 429 271
446 363 197
68 560 135
324 607 288
320 530 65
112 165 199
187 538 52
511 328 131
226 128 187
99 632 61
501 443 197
325 282 189
617 351 49
182 32 22
204 389 308
597 537 141
590 117 117
399 628 272
597 247 158
153 346 34
59 204 43
429 565 41
520 540 199
529 115 110
537 319 140
469 310 318
567 293 145
595 49 191
309 39 34
186 193 75
53 288 300
400 74 19
386 595 138
152 517 14
593 447 258
174 274 292
291 234 180
562 186 110
210 495 9
106 75 65
384 128 18
259 564 134
57 343 144
395 495 98
242 446 18
444 620 145
277 304 231
439 223 5
43 434 127
329 576 47
202 317 120
362 576 252
633 634 301
249 422 7
382 57 260
320 501 33
567 135 287
406 610 271
431 46 295
380 412 140
369 614 66
522 369 121
596 360 187
407 609 149
71 385 208
216 98 299
375 22 6
195 428 149
274 252 198
181 633 25
20 395 270
177 274 56
267 263 24
384 28 318
316 135 72
306 387 200
119 155 205
139 350 184
126 18 140
196 199 202
35 219 96
488 432 127
25 56 295
636 476 122
571 186 258
248 492 0
59 4 210
536 143 210
191 270 273
98 502 237
68 538 311
432 383 35
428 444 57
80 438 37
403 402 126
254 44 279
528 103 16
315 639 240
453 223 272
1 358 38
392 426 21
395 215 102
187 36 200
72 116 156
470 555 84
410 166 191
236 88 288
67 439 125
41 249 205
321 287 281
460 72 234
495 503 25
270 83 101
525 192 185
612 19 261
458 465 268
348 59 137
377 126 78
403 203 235
46 524 238
10 341 189
437 193 146
472 499 76
543 418 290
88 387 115
225 238 320
528 622 220
312 356 85
535 153 155
437 199 313
590 245 276
208 39 320
365 511 292
570 412 5
359 536 189
204 118 286
514 39 234
312 387 186
236 316 13
363 110 106
371 58 172
113 302 311
49 25 293
521 631 85
124 383 193
115 623 235
415 530 160
16 199 288
45 435 193
227 191 42
608 598 4
627 69 268
43 154 86
7 68 293
418 193 285
80 344 40
576 116 133
432 168 276
68 213 167
57 440 144
120 441 16
313 426 243
165 505 250
79 512 127
623 324 14
301 440 286
603 373 198
149 198 54
537 303 291
111 360 146
520 516 112
277 222 227
103 387 228
83 466 271
168 483 122
482 177 159
497 137 110
629 322 254
286 217 51
192 364 201
575 277 172
78 554 85
78 14 91
584 134 74
317 338 5
409 178 169
335 68 219
599 54 218
454 376 123
5 569 33
559 501 159
379 615 62
421 87 51
243 28 310
532 381 71
54 148 174
397 483 263
270 475 149
429 322 273
235 327 150
405 279 247
245 15 33
33 472 175
479 73 74
451 641 185
155 89 243
73 486 86
60 149 76
101 614 216
554 206 98
291 611 314
565 250 256
204 283 11
574 119 311
365 607 267
501 119 138
215 229 93
412 289 30
477 390 100
258 337 36
367 628 262
148 586 226
623 184 243
285 151 298
56 516 126
505 410 304
363 625 44
137 430 115
59 301 92
596 595 181
54 319 142
159 503 292
514 484 138
545 162 313
53 255 113
168 117 112
475 480 98
367 10 155
549 70 108
513 59 37
172 113 39
496 272 41
156 179 298
0 82 111
31 171 181
578 376 65
285 208 155
11 575 222
168 481 162
18 388 75
464 596 249
623 449 53
642 641 32
574 641 295
25 65 245
375 0 260
198 322 256
574 333 24
282 501 187
131 556 194
40 377 294
63 357 242
394 392 7
261 323 303
283 385 157
476 117 258
366 351 75
536 283 280
638 601 320
579 125 302
337 166 127
13 229 225
210 623 110
369 277 150
599 596 134
252 429 176
548 152 88
559 81 211
260 77 125
499 49 314
615 387 142
502 436 180
139 3 92
168 372 231
557 365 252
81 617 9
365 558 17
358 510 209
62 127 222
368 627 175
156 635 261
146 530 65
365 26 82
564 231 66
433 181 253
292 263 22
545 628 20
343 379 186
258 442 91
215 203 54
221 395 56
7 541 90
229 263 194
454 184 276
444 10 301
157 303 266
558 241 162
196 584 196
379 199 4
47 450 33
378 64 208
95 71 282
342 336 182
8 147 185
585 628 269
21 178 230
435 93 145
191 325 284
327 62 215
334 145 159
544 560 225
470 48 283
366 390 11
489 434 267
189 376 273
579 433 97
628 225 268
312 417 231
579 137 38
475 472 169
143 373 220
554 237 316
429 603 158
641 486 261
394 32 125
131 611 117
83 633 48
128 302 147
534 274 85
360 107 3
367 286 51
327 197 115
299 19 224
54 18 104
279 448 261
238 615 0
24 55 195
35 219 213
499 147 86
493 507 213
281 267 180
514 594 76
341 250 116
128 340 127
438 12 104
137 287 136
519 347 251
213 418 262
244 274 146
586 124 195
428 441 257
556 348 163
274 46 161
12 211 88
410 42 137
43 215 181
255 91 201
522 304 245
438 585 71
465 564 86
392 350 224
622 299 217
160 574 178
627 586 197
148 389 125
397 432 155
253 44 288
493 603 76
507 398 240
189 257 292
31 42 308
314 22 147
303 218 139
375 203 11
14 387 280
339 141 271
235 431 258
223 317 287
552 181 46
179 406 3
407 437 217
342 109 49
577 448 236
135 180 230
316 231 304
207 570 88
602 198 271
363 458 276
156 367 164
348 582 54
189 347 170
73 46 278
15 16 21
212 188 85
611 504 92
112 104 100
398 63 264
507 463 299
291 619 145
292 360 111
92 550 99
294 623 96
641 32 115
187 280 41
592 248 139
585 361 300
541 152 85
52 52 142
58 379 301
430 28 33
99 121 238
115 451 102
214 486 315
329 66 151
632 15 93
189 600 57
493 498 199
217 550 266
441 608 27
641 432 154
594 531 58
455 4 230
332 254 171
241 583 291
466 572 286
296 118 180
488 611 258
224 221 211
13 19 269
218 53 258
451 5 289
198 496 71
396 185 22
510 426 189
10 285 107
169 581 32
320 462 264
327 80 178
277 93 307
228 311 104
612 155 314
277 353 144
625 143 202
584 10 229
483 20 308
311 225 76
329 582 299
351 266 79
594 579 3
250 164 97
603 169 196
389 482 288
29 464 31
496 405 102
140 245 219
104 592 25
7 278 208
373 22 63
211 617 190
179 224 149
459 220 197
287 610 304
468 32 150
186 528 265
556 61 9
340 166 318
386 173 191
370 582 215
621 151 178
200 366 134
623 218 306
573 505 112
362 367 271
8 589 275
60 502 102
358 236 244
641 15 203
595 385 280
572 399 96
523 636 296
56 616 269
524 582 141
316 301 202
140 346 162
528 406 56
371 157 102
416 191 5
635 144 158
186 73 305
531 633 246
635 82 198
315 606 156
501 279 237
446 419 204
374 340 1
161 105 142
256 521 52
330 549 174
218 92 266
506 623 254
216 9 204
543 324 101
166 218 310
126 58 275
433 432 68
539 629 111
195 242 6
7 608 279
642 183 177
65 83 51
156 299 196
294 199 103
430 365 304
203 528 290
430 354 156
391 286 26
457 481 187
438 489 70
325 488 18
340 589 16
372 103 57
413 433 134
136 256 152
77 459 26
112 283 146
579 31 260
425 489 121
513 320 103
602 38 244
231 378 235
623 108 196
64 521 78
347 50 168
425 163 133
388 275 250
62 211 198
22 29 19
464 542 41
144 501 290
313 90 233
465 106 107
76 170 108
121 553 17
458 336 72
611 117 172
405 180 222
266 202 178
9 59 229
72 204 307
173 553 179
45 375 182
62 452 237
600 609 158
581 424 96
83 392 9
504 190 44
529 492 72
583 501 213
573 609 319
422 175 109
432 221 274
513 283 234
192 276 67
425 214 9
387 334 58
503 195 142
155 117 140
10 93 254
604 60 206
151 518 31
252 307 217
122 213 93
479 406 156
160 224 288
300 612 171
226 508 114
343 20 135
345 31 227
241 28 95
104 215 182
143 468 279
438 626 178
410 462 118
14 15 189
512 316 165
58 578 309
478 278 91
372 16 90
396 258 266
479 398 161
438 577 204
61 409 28
576 176 52
212 190 92
36 96 20
544 154 215
274 633 111
24 398 167
521 151 182
402 631 41
463 462 163
421 523 310
362 492 186
123 61 269
578 133 136
99 34 211
162 344 35
540 405 249
328 283 48
409 42 307
246 542 109
54 356 54
270 76 0
20 235 249
32 206 97
104 305 281
366 467 81
12 401 229
56 122 106
251 531 46
471 135 7
473 189 261
428 459 125
232 515 158
97 547 199
96 44 200
166 447 308
544 495 61
77 551 132
572 159 315
430 630 144
260 497 221
410 282 214
636 550 243
526 4 254
586 101 64
308 303 68
533 204 49
553 317 188
51 282 144
81 69 294
282 365 221
65 132 48
308 161 28
495 44 21
586 630 193
115 331 115
91 258 121
562 204 119
334 255 79
266 373 48
221 12 32
30 78 226
157 422 179
227 274 304
301 253 88
513 369 122
384 460 256
496 380 299
317 107 247
421 373 163
630 594 55
561 17 211
625 210 0
208 473 54
514 132 306
164 38 111
182 458 179
494 311 169
331 22 201
460 479 236
354 466 41
261 384 160
282 367 65
82 611 292
192 482 219
592 39 108
38 258 259
624 109 289
340 477 248
164 330 80
397 41 154
617 303 45
212 585 116
54 61 21
369 289 200
173 238 217
51 313 193
387 330 131
428 64 195
527 264 311
462 18 1
184 28 214
363 241 266
265 295 275
136 21 110
524 230 8
309 317 267
388 97 171
613 526 73
28 446 175
417 266 3
168 486 240
294 206 16
362 472 106
492 608 277
268 489 174
318 192 22
39 616 217
90 586 16
241 615 309
13 425 78
482 629 187
300 280 223
396 642 51
179 491 198
20 152 223
90 471 274
478 510 291
320 636 271
81 234 87
324 283 304
191 122 213
580 458 28
532 247 200
314 427 111
132 483 190
440 573 58
333 408 235
236 121 250
118 202 244
615 563 120
287 147 17
552 84 40
490 616 136
427 323 160
285 456 0
260 289 84
98 16 112
483 252 235
217 406 146
222 378 88
509 22 207
312 610 301
573 457 273
438 277 37
124 563 250
292 216 289
391 314 242
292 190 265
314 408 308
574 630 69
112 496 173
475 201 191
244 131 15
22 570 234
123 87 182
74 379 49
314 164 283
606 492 204
543 163 268
207 130 262
321 242 239
457 75 215
560 355 96
549 413 85
172 572 22
395 3 160
190 353 10
300 352 190
30 252 225
131 495 262
256 173 320
234 630 287
449 583 143
153 525 25
499 55 292
253 450 162
423 640 247
149 334 145
368 364 55
106 495 215
11 108 307
159 378 317
417 221 234
388 410 139
164 267 132
513 556 142
223 372 151
358 522 305
166 283 303
263 389 277
213 437 170
336 596 151
482 406 116
605 187 93
611 352 166
28 258 289
539 517 303
440 232 149
68 399 18
60 55 67
547 268 238
572 640 141
333 480 132
314 478 285
63 446 238
115 475 283
81 407 192
419 204 214
29 308 104
529 368 238
204 272 55
317 238 249
418 571 40
247 242 304
300 342 148
97 493 27
153 610 268
48 386 127
211 415 162
166 337 287
176 578 70
455 252 1
89 63 232
274 311 169
259 4 227
84 137 251
383 291 72
447 375 248
107 622 31
76 145 200
448 321 179
450 170 207
47 295 36
251 569 52
91 222 151
272 306 251
304 46 245
340 493 258
119 601 47
349 70 173
274 518 28
206 326 310
390 409 52
638 54 122
589 145 249
617 453 193
103 115 234
523 455 253
68 574 191
271 316 7
619 627 124
2 190 156
271 581 104
191 612 131
38 594 154
143 568 264
554 28 71
369 587 289
34 48 203
336 319 98
65 295 105
348 334 82
315 605 169
120 189 149
622 228 7
19 407 146
512 319 313
478 45 226
327 115 213
108 451 251
205 552 58
286 257 50
557 608 81
160 85 203
410 100 150
612 119 103
97 25 1
253 503 196
425 187 46
610 331 248
508 536 235
94 179 63
621 130 75
539 326 120
3 129 10
339 99 82
511 196 281
323 485 36
252 267 143
260 271 162
148 172 8
552 266 290
606 280 129
626 176 15
125 179 98
367 554 316
121 422 174
544 138 238
219 390 24
118 43 135
349 191 297
509 136 62
241 100 307
104 83 150
328 244 301
39 4 14
528 126 221
534 63 279
418 318 133
606 473 265
421 215 30
409 81 303
19 358 50
553 462 124
12 184 119
294 259 183
524 145 8
569 72 197
109 491 76
76 490 110
123 268 4
361 34 223
128 90 212
639 0 99
626 48 290
214 379 173
450 260 316
241 222 319
95 331 32
304 444 238
378 567 246
25 285 216
431 413 280
553 445 35
495 428 274
13 0 266
434 486 279
357 85 213
353 216 279
232 556 222
602 328 54
633 353 311
55 141 13
211 88 172
402 619 204
642 632 159
11 460 288
283 174 143
170 563 242
389 189 86
444 148 293
460 138 225
153 193 106
260 440 79
206 200 176
544 235 298
275 247 298
528 530 103
260 58 99
208 483 184
105 320 275
331 137 297
266 327 214
415 587 169
616 150 199
186 87 4
389 398 102
408 284 62
638 544 166
182 145 168
557 250 106
474 617 218
528 277 175
133 49 243
215 59 272
496 245 147
370 634 278
527 436 313
572 431 259
67 6 105
46 600 123
381 431 216
246 316 37
439 486 266
576 58 203
256 590 160
60 354 48
227 238 96
70 203 86
494 271 51
383 353 174
595 127 274
139 373 142
638 205 178
544 174 162
509 467 41
77 527 3
315 111 286
310 218 108
165 69 23
27 488 200
525 441 220
168 616 116
128 611 114
609 513 270
542 415 148
422 492 216
13 164 41
521 510 259
590 33 98
323 96 238
445 622 91
51 147 263
67 311 13
288 314 318
76 213 214
296 28 64
400 41 35
8 562 289
514 546 136
409 262 16
186 65 34
404 152 75
631 255 283
184 543 125
285 620 85
159 309 136
526 66 281
486 110 28
277 17 196
138 427 30
131 6 118
103 411 38
258 399 93
82 583 74
256 226 253
36 421 136
487 304 192
372 147 142
177 461 244
563 635 209
569 123 275
69 262 143
329 520 144
237 639 157
81 252 178
582 325 100
69 205 242
338 614 316
110 148 292
542 104 170
116 67 34
375 136 171
438 501 200
221 95 150
17 213 78
75 152 138
519 257 9
53 595 39
377 98 189
556 641 13
119 150 48
449 561 227
433 356 62
295 613 37
153 631 157
300 99 287
164 618 174
234 64 265
311 478 311
536 391 305
259 546 252
84 388 174
10 179 146
510 510 245
462 57 238
627 393 303
337 593 153
268 221 28
224 532 178
279 462 185
367 78 220
606 162 248
119 209 53
25 76 224
508 538 132
408 558 313
371 252 127
346 556 226
422 138 260
296 453 164
634 213 137
232 176 295
182 332 20
384 357 84
453 258 203
579 23 213
491 394 12
353 134 28
437 556 136
410 245 6
202 236 264
144 504 201
248 80 175
562 464 148
344 274 229
94 246 14
365 94 59
246 447 265
76 241 271
80 8 120
537 246 64
564 390 257
161 639 236
90 594 55
412 331 123
349 425 319
273 148 246
21 430 216
509 542 204
304 622 11
344 516 124
49 473 36
223 28 297
477 154 285
552 567 270
330 273 269
318 583 40
436 604 305
359 506 246
559 203 135
160 583 163
44 633 274
319 213 26
18 48 168
276 636 139
294 324 168
58 35 200
7 508 42
421 224 76
128 176 1
420 372 188
15 417 61
83 129 130
215 147 56
501 459 215
69 110 274
625 205 231
478 248 10
328 62 81
77 190 259
637 611 234
531 19 316
414 102 220
511 317 244
49 175 283
260 280 288
187 298 206
150 133 10
14 497 190
102 575 167
402 605 260
432 493 312
307 265 276
312 169 42
536 255 99
576 515 199
120 59 187
548 246 197
545 260 201
34 363 24
320 158 173
610 626 125
312 291 264
80 639 78
237 532 196
605 501 124
611 622 136
309 527 75
176 466 19
540 500 233
194 213 81
489 216 305
634 528 4
438 1 41
447 238 203
32 236 199
204 205 250
435 550 241
306 83 181
473 16 125
360 210 240
441 92 212
506 84 285
255 558 25
36 362 48
385 430 132
593 634 88
136 462 103
243 125 238
209 634 121
68 351 28
140 186 134
428 85 174
637 377 160
168 413 34
616 192 60
15 142 226
297 278 94
523 558 315
188 160 264
513 229 108
442 405 180
499 227 211
640 221 138
89 426 255
579 399 122
213 450 192
481 141 5
604 21 124
210 245 88
487 152 206
472 630 76
36 486 300
364 519 132
427 1 102
260 580 141
321 150 179
524 24 50
398 628 247
188 232 162
174 76 53
425 584 133
438 13 283
36 377 35
534 197 308
172 493 309
245 171 215
162 88 320
220 487 9
335 68 170
53 242 37
601 60 107
494 498 103
265 570 304
592 497 140
276 62 117
577 308 291
384 506 210
216 84 66
69 419 51
154 508 117
315 467 149
453 354 156
640 12 184
561 604 231
73 274 76
43 208 115
256 628 206
557 237 9
60 342 160
309 496 45
194 204 290
102 50 134
545 47 45
309 2 128
570 75 48
250 154 300
275 410 136
163 325 267
135 421 243
562 87 168
176 281 145
329 420 79
193 358 207
70 24 57
587 594 22
128 238 286
520 513 111
290 33 212
334 168 82
78 87 25
318 300 24
155 629 295
43 216 284
15 286 109
631 266 320
37 394 285
241 307 51
248 633 77
580 325 304
47 403 319
280 114 283
152 269 233
480 349 236
488 364 269
556 352 139
611 426 283
298 24 155
461 272 28
51 245 32
451 328 158
332 608 117
513 154 307
74 634 234
529 515 290
21 428 280
421 433 21
609 88 4
460 585 136
302 636 55
505 445 28
504 134 216
617 41 119
393 151 168
481 37 189
363 94 293
597 516 157
614 482 67
12 299 6
397 638 121
384 536 258
56 434 162
372 408 234
200 158 201
55 33 164
425 396 70
581 350 60
599 357 281
98 369 62
183 123 189
261 507 188
213 599 82
263 328 241
427 528 76
62 583 261
450 366 191
254 340 78
609 333 264
161 431 43
48 614 193
573 268 59
348 481 311
558 138 135
605 565 291
167 20 171
406 471 31
469 82 281
240 84 184
403 245 60
293 293 167
341 223 307
290 608 162
230 559 13
463 521 162
618 45 169
70 451 61
567 314 45
154 590 230
39 350 140
391 0 273
107 378 314
92 61 314
595 291 35
628 148 292
584 123 266
596 229 84
436 189 257
358 343 154
436 418 39
81 202 210
56 310 217
290 402 120
489 390 298
604 376 41
597 317 29
635 270 44
518 63 117
72 457 73
252 250 95
140 368 245
64 460 232
366 107 110
122 596 296
205 557 24
473 511 167
220 539 252
233 415 204
470 523 68
444 169 74
230 309 295
218 409 109
516 132 83
609 290 74
486 531 117
96 397 183
59 11 218
328 280 237
53 107 176
271 588 190
133 211 182
362 429 41
409 338 237
598 340 248
134 184 305
262 316 127
259 412 319
188 133 283
532 223 69
185 494 2
615 20 178
139 383 132
37 185 281
138 176 229
530 310 137
239 573 97
309 225 139
427 413 194
181 338 146
43 559 248
565 567 252
619 64 66
495 137 188
66 275 177
621 198 242
109 437 298
593 140 207
239 567 255
19 105 154
57 185 149
590 107 40
537 120 264
223 615 288
131 75 214
215 89 36
2 234 246
399 185 75
377 460 28
162 479 67
320 537 262
359 520 158
359 414 0
458 31 105
16 198 181
564 413 0
631 451 157
529 207 291
603 621 220
601 140 72
98 460 60
458 213 296
283 608 3
228 423 277
218 475 140
246 396 226
400 421 67
181 343 148
147 304 101
609 298 46
265 432 205
458 248 203
565 531 148
479 153 169
424 371 232
567 10 232
516 446 136
309 627 258
310 167 217
325 134 41
516 399 185
525 251 203
103 209 185
326 45 130
365 505 212
236 429 155
576 338 214
51 4 38
513 351 37
64 33 245
557 586 277
197 468 194
120 571 292
611 290 117
612 12 199
341 285 172
117 218 126
375 270 61
581 176 192
384 240 163
321 191 21
15 388 224
638 544 266
221 513 226
527 482 22
53 217 2
43 370 213
336 102 14
62 76 52
103 461 156
213 139 298
303 190 22
217 186 105
60 443 159
266 327 178
448 416 120
308 460 5
422 153 300
164 251 148
81 354 161
275 603 127
17 299 69
147 517 183
215 613 236
188 236 161
1 77 20
67 421 308
503 201 120
398 365 91
406 482 228
195 115 170
160 132 5
352 316 144
86 567 279
264 112 178
162 150 254
476 217 118
608 114 238
285 548 54
214 311 261
532 507 236
168 60 24
140 412 86
628 535 21
480 156 242
605 318 148
128 151 248
108 116 159
290 438 113
229 9 189
44 541 297
617 103 243
73 279 280
487 300 272
183 138 66
27 136 212
57 264 206
304 408 34
23 91 71
326 357 19
297 401 107
205 412 183
137 485 117
553 365 53
219 584 203
76 611 103
252 25 260
579 366 83
451 425 198
119 108 204
438 441 177
49 3 148
442 176 278
471 123 128
122 378 178
625 454 211
622 99 56
239 71 281
337 523 15
491 35 266
394 509 7
92 595 43
202 394 294
190 223 11
544 381 108
196 399 195
495 378 162
249 11 149
333 348 121
199 196 150
209 627 119
54 112 272
581 351 14
641 541 103
218 478 272
208 67 267
46 599 125
627 205 173
600 539 105
525 131 53
485 341 288
311 431 141
126 369 218
335 403 19
160 14 60
402 223 64
400 305 56
134 289 24
522 282 250
616 164 39
299 42 298
2 354 4
460 480 231
20 208 106
121 404 99
93 163 181
133 599 226
129 91 262
331 6 183
464 15 44
86 350 110
85 388 64
515 242 295
64 262 243
17 383 264
20 512 241
246 3 121
170 132 281
384 499 252
238 357 209
292 479 67
388 565 184
232 473 311
555 538 278
480 591 240
165 611 53
14 250 103
498 456 261
466 198 25
440 472 36
466 121 197
200 545 95
358 170 123
79 83 56
98 599 0
536 157 54
200 171 78
511 62 163
347 564 249
75 362 267
161 221 125
47 421 254
570 172 78
244 287 144
529 385 54
118 314 257
355 551 33
234 455 75
570 195 24
461 270 63
217 431 80
94 514 76
589 441 233
575 79 154
37 1 115
98 155 290
352 546 89
135 138 190
53 101 76
499 599 229
57 173 162
479 304 70
109 250 118
519 182 224
573 219 124
441 353 207
624 62 140
72 234 253
11 287 67
145 179 85
586 272 185
208 108 238
344 218 42
315 130 64
401 60 127
488 537 285
88 519 17
270 591 320
590 639 306
404 177 320
139 156 36
119 364 177
403 66 176
294 381 199
439 140 147
160 21 67
270 145 250
478 415 75
278 398 52
436 160 189
131 335 7
97 454 240
208 214 133
573 544 242
425 340 148
373 500 296
216 163 185
577 641 206
280 312 293
15 106 259
535 273 307
604 370 116
430 579 41
287 509 192
561 292 244
404 58 256
232 274 192
242 209 254
61 525 190
278 541 169
12 469 191
117 466 224
69 253 310
235 540 304
338 494 83
138 291 115
438 524 148
294 159 42
148 220 193
315 498 80
624 546 9
599 56 55
266 125 70
583 396 118
124 91 122
636 229 228
564 60 24
159 354 16
606 539 273
328 211 263
628 229 107
110 185 46
95 487 9
297 428 156
468 552 171
527 546 164
235 503 0
502 19 126
250 18 221
291 346 86
151 367 212
593 478 148
449 573 117
467 263 295
238 124 91
136 9 229
264 280 183
453 139 33
353 426 74
185 74 178
228 261 106
537 247 119
424 90 273
191 557 317
387 188 165
528 324 8
608 589 6
584 399 116
579 145 285
592 330 77
308 594 144
428 524 136
383 341 100
340 533 298
560 313 312
262 234 178
8 235 59
35 212 209
237 148 112
222 97 174
281 441 228
637 227 31
561 3 186
612 344 34
576 297 259
122 559 174
28 604 76
523 32 148
167 269 34
635 527 314
183 165 272
325 195 266
349 149 279
72 118 11
363 88 32
361 246 185
628 274 23
488 190 9
595 393 123
208 421 8
560 604 315
68 286 225
482 29 128
257 137 55
447 500 306
256 254 162
18 240 122
383 121 245
174 73 283
233 281 95
213 199 108
357 303 94
90 179 83
615 472 9
8 276 227
133 569 152
575 587 25
6 363 244
305 573 179
355 164 255
182 377 7
7 127 28
154 217 264
330 189 284
0 198 100
206 367 317
24 299 90
154 341 84
405 4 310
87 359 180
86 577 92
320 584 157
214 131 96
324 461 152
226 461 61
441 61 61
582 121 62
60 276 49
545 38 201
353 161 295
325 247 291
67 567 228
579 175 202
59 499 226
408 118 58
311 560 177
618 535 25
617 596 202
314 534 310
16 244 206
112 569 11
107 29 119
116 608 35
220 61 159
178 469 319
27 137 225
544 148 126
576 158 181
276 473 270
15 525 197
595 637 6
136 102 42
280 254 278
600 510 284
168 81 145
498 109 311
138 10 203
314 622 66
478 256 204
534 307 244
226 259 93
524 431 294
207 69 113
535 62 5
281 230 196
496 122 103
242 260 156
172 574 58
260 446 198
179 373 312
622 599 148
453 516 40
386 81 174
609 9 61
56 291 249
228 144 27
508 422 194
156 594 165
463 212 55
418 427 202
38 442 26
597 253 174
301 32 301
74 35 43
588 91 189
82 319 310
378 185 77
291 377 197
135 233 96
498 9 299
554 83 20
603 37 246
562 338 308
601 448 320
7 429 219
383 548 64
333 283 281
26 574 316
349 102 226
278 600 75
26 548 107
181 508 216
625 427 55
495 422 49
435 465 261
467 242 297
176 575 117
141 601 304
484 343 245
454 14 250
468 41 267
566 222 254
59 241 134
569 129 3
205 600 40
307 425 46
314 637 10
604 135 262
182 13 105
542 503 208
216 364 162
474 288 55
597 383 64
541 309 245
264 550 140
453 251 222
240 565 302
639 527 273
352 102 314
409 37 78
517 289 78
58 120 305
465 75 129
506 9 315
69 274 203
233 120 53
178 396 26
118 392 308
229 102 240
353 547 251
373 457 204
114 516 179
180 374 296
628 238 47
172 307 8
266 540 288
4 76 223
307 230 78
531 459 182
250 205 251
6 578 174
52 85 297
255 301 101
532 287 225
176 495 19
130 118 60
240 122 319
104 465 135
360 353 287
111 639 194
445 3 119
630 91 209
45 346 311
514 236 235
577 448 228
341 615 308
3 212 3
455 316 50
459 69 46
350 180 233
411 626 83
442 613 189
595 52 275
407 566 130
541 500 239
528 235 37
632 238 133
288 86 39
373 581 156
204 289 22
68 57 143
578 535 119
573 488 42
307 252 150
277 150 211
52 35 245
479 61 244
511 349 207
252 115 200
63 355 191
91 424 306
101 395 91
118 361 260
187 25 162
215 302 285
101 391 217
257 263 265
9 131 297
526 419 110
338 519 3
440 3 142
598 140 289
42 259 311
10 482 28
230 55 210
637 156 135
472 449 93
404 458 217
42 377 226
474 73 275
618 513 66
544 504 316
294 583 182
369 593 212
542 181 49
375 211 90
598 76 259
478 480 92
488 558 47
311 425 73
46 400 157
463 337 32
342 631 226
515 394 172
528 293 218
632 25 75
249 624 213
352 459 187
270 340 41
601 45 70
399 127 210
102 591 28
310 326 0
458 198 183
557 120 216
229 109 311
149 395 213
108 104 16
584 410 258
367 404 67
576 196 175
542 299 190
238 609 176
566 425 179
2 375 91
411 640 282
202 146 199
617 291 287
277 232 317
277 635 15
323 568 98
532 503 265
46 99 227
565 22 211
639 61 68
227 472 270
603 67 181
124 41 84
428 354 98
499 631 265
367 347 197
468 236 174
225 318 87
628 240 4
205 273 109
194 536 161
180 532 150
312 13 221
93 441 1
141 333 138
218 57 241
257 562 98
120 144 286
154 165 273
210 407 169
364 637 319
382 174 178
468 522 198
630 8 209
504 186 275
366 440 22
611 54 191
450 210 16
608 364 44
399 611 235
463 332 132
420 107 73
266 575 172
161 599 259
497 460 298
523 219 301
642 187 75
74 31 49
293 639 308
70 431 148
291 251 252
505 28 140
287 330 146
20 491 172
368 345 151
296 261 289
21 296 50
479 370 241
469 20 118
217 91 275
575 382 103
623 280 310
171 603 111
330 623 278
410 385 310
342 38 229
530 95 310
262 610 104
25 437 199
463 47 67
82 15 264
595 31 77
529 202 35
150 533 176
298 336 184
184 71 290
295 601 153
95 220 169
266 281 320
458 137 204
133 219 291
227 207 122
637 93 160
364 279 93
72 613 94
201 154 61
368 485 149
59 581 153
325 240 316
456 91 44
635 261 188
186 524 275
411 518 228
232 239 224
622 348 18
98 549 54
289 311 38
438 370 26
200 88 54
280 545 187
462 573 306
256 116 219
293 563 3
424 189 199
228 204 89
2 303 42
609 592 26
452 423 194
233 623 75
255 297 173
404 116 51
207 408 136
498 94 25
57 519 200
498 104 112
38 142 107
163 144 179
599 597 88
155 187 308
479 478 193
98 275 40
290 518 37
634 373 139
256 466 184
138 358 76
189 432 86
543 595 268
239 587 204
358 99 309
494 615 247
283 70 207
225 361 172
610 388 295
447 37 256
160 176 188
49 365 44
80 302 2
256 577 273
457 329 89
203 216 166
500 499 220
429 117 50
233 85 45
447 532 161
485 86 211
273 135 54
494 216 117
59 508 54
212 358 22
464 562 193
81 419 51
447 205 277
532 474 132
398 279 76
301 157 292
381 466 78
219 353 299
395 413 56
505 625 264
302 482 200
350 563 112
255 367 207
314 292 15
457 83 85
526 385 31
74 159 42
401 378 93
336 166 120
137 28 75
332 366 47
446 110 66
408 401 32
575 72 315
573 530 184
280 449 52
143 524 199
509 282 290
586 618 121
432 148 320
297 516 269
36 319 160
339 120 297
402 52 317
150 19 283
589 299 271
199 442 0
611 345 54
115 288 91
464 77 98
235 410 20
372 447 308
12 143 113
17 545 282
131 52 54
168 35 292
12 270 250
415 239 290
458 390 117
548 212 104
143 483 75
291 248 261
116 260 223
97 313 178
94 445 120
183 6 166
534 54 47
114 470 214
39 321 247
252 226 200
543 405 4
637 54 317
535 206 268
612 303 87
627 433 22
51 616 35
190 508 10
599 15 199
640 55 83
428 307 259
465 243 251
341 237 265
466 165 288
243 170 180
298 154 88
191 206 65
127 432 16
117 424 191
577 457 101
72 242 252
508 100 293
63 442 229
316 301 70
167 544 222
358 200 155
303 427 56
257 590 24
113 64 174
591 641 263
553 106 149
179 614 34
13 35 174
157 387 313
466 590 9
302 305 245
293 1 80
526 295 190
584 408 198
459 392 233
148 302 127
116 481 1
184 531 176
51 81 71
219 547 43
324 206 18
23 536 203
149 455 88
222 433 196
396 285 144
569 434 218
241 586 28
527 127 189
242 178 152
343 433 240
428 150 34
212 173 9
33 322 85
149 581 102
30 334 98
339 296 267
307 537 117
149 458 256
559 57 148
406 400 174
194 222 139
188 470 105
75 503 14
453 9 126
15 75 182
469 414 93
143 114 56
367 299 256
111 215 160
33 15 228
424 209 183
322 397 228
394 508 177
182 354 186
586 369 315
75 231 319
504 374 163
220 134 129
394 245 16
625 278 299
6 59 187
289 418 288
398 169 37
368 387 94
346 367 171
436 442 47
296 339 55
271 559 178
581 310 281
463 328 8
361 371 290
503 17 305
400 415 226
197 140 319
313 523 70
228 316 167
374 5 128
287 312 196
335 250 304
629 71 293
594 468 1
11 328 254
490 85 181
531 283 97
352 632 51
577 253 291
637 627 241
393 308 319
66 0 10
86 22 227
470 616 53
546 21 250
32 547 74
576 471 206
11 216 30
612 150 37
243 144 208
523 574 276
472 640 283
64 119 259
371 589 74
502 528 20
355 596 13
330 566 279
587 577 175
227 547 23
157 183 313
71 63 141
293 571 277
587 636 132
225 400 182
516 259 177
220 8 165
472 338 144
551 282 75
204 546 8
8 60 234
28 131 286
586 460 228
570 404 257
638 630 26
82 539 163
54 152 275
622 624 301
507 533 262
326 94 306
121 138 285
99 166 271
141 145 219
148 73 160
147 104 216
547 186 141
635 276 276
52 256 247
486 156 196
595 518 45
1 639 257
109 95 316
349 273 229
441 421 204
331 568 120
244 508 25
53 500 94
15 588 105
637 467 202
506 456 71
505 493 294
0 602 143
341 308 224
148 143 309
100 510 81
120 112 142
399 165 79
276 216 286
480 210 167
162 109 239
397 8 166
629 44 166
385 385 120
378 569 249
185 26 71
632 183 54
302 582 271
509 251 105
18 89 307
66 287 112
571 41 206
318 63 136
25 448 152
77 219 228
271 440 113
369 430 315
543 125 81
276 634 217
261 45 49
456 112 101
154 76 123
539 430 90
326 456 7
498 533 100
632 197 34
150 567 213
530 467 137
207 136 137
171 397 112
260 247 160
636 401 200
446 298 77
356 624 143
108 515 265
79 504 236
562 48 126
190 578 242
586 178 283
366 349 216
192 609 97
130 602 291
216 442 108
90 155 123
419 263 167
639 378 215
449 298 245
183 488 183
384 467 177
115 190 310
244 419 55
12 585 21
182 159 9
43 249 177
528 25 9
278 57 245
569 506 26
264 82 71
538 467 196
384 582 218
579 219 180
133 232 174
290 414 12
318 494 160
466 379 305
306 51 137
524 13 79
434 277 255
188 209 199
482 593 194
323 529 134
583 19 303
178 346 97
576 21 197
579 523 16
37 222 111
160 104 240
218 538 260
358 119 100
323 601 191
263 281 133
458 257 302
243 436 78
514 405 297
600 377 172
458 415 35
404 611 130
362 186 27
598 544 118
400 260 27
188 523 155
541 375 110
271 618 250
382 489 14
515 482 68
565 297 212
230 94 126
642 457 142
306 412 195
125 206 162
582 430 171
35 329 34
424 600 308
642 339 127
622 248 9
336 206 223
466 436 240
599 435 231
276 134 67
533 295 170
407 235 89
234 306 209
436 123 123
613 122 298
65 101 254
642 473 163
267 332 313
629 289 260
162 565 216
107 491 300
295 291 149
270 526 308
610 319 109
264 326 55
257 391 160
535 427 171
375 51 234
9 37 85
113 199 3
352 342 47
243 637 311
369 300 140
194 267 6
142 567 284
248 218 2
455 110 133
528 521 122
291 566 277
343 73 51
317 425 86
175 61 230
361 466 253
393 53 109
174 195 108
281 443 158
137 291 8
455 176 191
182 468 195
624 204 75
623 522 184
321 90 229
49 487 174
78 238 191
411 448 0
25 87 298
500 260 282
442 108 308
334 326 290
150 308 313
39 324 311
389 2 263
157 51 161
427 166 76
107 577 14
625 602 124
336 459 155
338 294 105
589 628 27
21 136 268
301 211 169
496 601 1
175 151 316
341 579 82
138 43 304
383 62 312
109 398 79
130 130 119
260 76 234
74 97 299
231 399 68
106 288 230
625 463 51
589 161 95
112 335 28
212 112 170
271 257 313
182 387 215
351 41 320
578 115 141
297 382 58
264 524 61
225 507 26
338 489 180
422 638 280
550 207 271
169 479 210
151 54 67
334 406 65
558 377 231
308 67 192
493 368 116
323 593 259
617 288 295
502 68 305
43 11 204
375 181 237
321 368 162
47 59 29
458 10 5
376 318 136
34 204 34
253 528 250
335 502 124
336 361 142
296 440 128
500 208 66
575 565 134
62 6 158
634 464 207
297 197 284
64 268 128
198 521 52
283 249 14
14 586 196
491 275 234
337 132 197
400 101 40
188 163 153
36 191 212
537 488 313
106 588 73
523 144 115
218 463 124
416 477 260
368 362 254
153 56 173
183 457 256
136 38 208
94 74 57
517 4 61
566 111 37
204 27 203
399 282 99
236 55 240
17 459 57
109 5 252
369 189 250
52 325 117
613 455 10
43 329 70
33 288 259
612 492 63
85 284 177
22 521 294
472 574 153
641 76 57
259 445 134
407 533 36
557 539 305
138 618 124
403 9 125
136 621 62
576 64 233
11 122 190
181 594 125
166 628 292
157 280 87
373 44 86
271 601 178
18 133 29
94 536 23
458 66 61
65 642 24
636 46 12
441 263 265
214 430 62
62 623 112
428 390 278
42 54 286
195 72 216
323 166 2
497 18 291
6 119 184
258 112 43
25 554 232
350 161 193
89 259 304
72 45 58
136 87 65
159 318 240
350 641 135
435 531 195
586 537 278
129 188 113
362 213 74
215 599 287
570 45 149
262 154 1
381 290 182
518 485 296
156 193 52
604 21 299
463 608 137
442 94 230
569 492 271
0 100 202
235 27 272
86 290 271
626 28 156
2 582 147
340 131 206
69 93 131
329 556 97
520 355 84
257 281 202
243 281 296
221 552 236
281 639 260
495 622 105
429 17 89
205 393 132
210 462 47
236 185 282
264 62 86
386 319 212
357 598 26
429 177 134
565 494 45
383 383 13
230 169 221
51 410 69
40 620 117
86 249 21
82 513 171
469 256 89
494 7 112
194 472 308
483 394 307
88 135 243
388 401 20
62 488 106
129 529 250
88 615 9
196 90 309
367 559 16
250 411 297
124 641 96
176 481 222
115 606 42
437 351 99
357 449 298
8 614 60
315 60 6
264 256 99
120 16 287
233 302 210
352 427 215
301 639 299
38 147 256
588 584 284
290 298 30
444 342 138
520 50 82
604 350 136
136 471 220
228 61 32
123 413 260
17 108 317
465 182 53
196 163 32
351 453 274
311 290 243
207 167 53
199 129 103
448 265 312
106 529 55
30 10 203
418 63 279
194 528 116
82 118 10
625 469 312
181 173 106
114 381 24
98 616 259
432 457 268
630 563 16
210 594 289
239 405 86
413 599 211
89 74 280
608 57 256
295 238 102
272 352 208
452 486 14
119 311 232
123 298 117
620 508 277
521 141 9
521 554 20
442 36 158
482 38 272
419 333 179
494 641 191
343 450 156
202 605 315
482 85 268
75 99 4
299 13 114
284 534 100
262 369 146
351 208 127
460 628 34
201 515 294
330 252 290
302 454 212
622 293 77
562 404 85
403 96 137
421 417 134
350 72 83
351 423 266
355 241 296
120 478 207
563 165 276
170 503 128
418 483 248
145 402 112
614 198 113
453 619 77
219 326 209
355 34 24
56 425 49
457 582 210
87 502 241
6 65 46
342 519 124
365 22 170
185 636 188
137 483 224
471 59 310
234 414 271
456 506 236
277 320 34
575 444 28
432 450 187
185 185 13
421 586 226
452 164 133
74 302 259
279 130 28
239 400 99
233 213 26
46 526 39
441 495 23
88 320 255
479 505 221
68 319 35
357 128 196
640 202 41
156 517 36
339 149 1
329 382 282
182 465 285
356 263 154
403 388 130
257 224 191
333 292 208
352 7 283
571 40 283
486 197 43
530 572 194
404 294 298
491 476 269
461 226 141
320 629 128
498 280 232
575 613 8
291 358 5
208 322 35
326 165 220
391 89 268
568 493 278
521 341 208
332 195 30
407 551 20
226 443 179
270 375 19
36 23 81
451 267 308
300 594 286
346 342 118
393 303 312
55 218 255
194 550 232
594 314 195
338 577 20
398 240 152
428 276 89
173 85 116
277 385 126
546 125 163
261 518 100
541 574 100
519 161 247
85 148 156
203 523 25
157 278 18
486 64 74
196 273 15
209 550 314
209 453 227
551 107 90
589 5 46
203 524 303
403 610 250
310 206 91
152 364 141
234 207 216
592 439 76
429 5 96
8 214 107
391 158 293
42 141 190
268 344 187
83 140 314
11 450 192
534 638 93
14 229 33
272 179 171
161 608 232
637 9 208
280 400 260
30 478 169
465 103 288
175 223 222
494 234 313
413 162 264
17 176 280
508 484 181
152 39 236
480 33 117
416 313 304
547 379 245
139 238 241
112 413 273
260 300 202
252 71 120
240 124 100
457 25 38
246 177 262
36 51 227
514 503 293
106 407 179
176 583 8
422 88 220
212 384 235
273 637 108
531 270 0
323 84 199
599 366 232
307 438 265
48 309 185
102 451 115
535 20 294
600 443 300
434 48 288
605 321 181
204 246 244
571 569 47
356 561 92
318 225 41
368 309 196
314 411 219
24 339 34
354 296 272
128 124 107
287 86 61
440 327 256
256 255 82
156 611 287
494 322 34
627 47 192
462 397 91
105 422 96
448 169 282
626 297 229
210 585 36
152 382 199
339 32 9
453 188 307
484 76 41
134 60 52
128 523 202
498 628 219
600 469 76
427 453 6
343 56 228
417 208 213
175 548 206
188 358 186
205 235 244
580 405 285
360 534 253
574 425 231
566 418 320
121 202 16
580 581 68
374 355 79
586 530 54
188 111 260
621 352 22
523 290 83
485 43 180
364 10 151
228 577 24
597 55 82
170 28 96
442 438 172
279 381 186
58 569 266
230 583 143
638 499 181
202 342 111
299 99 319
215 327 63
512 317 61
405 487 319
237 286 219
460 602 111
606 17 64
257 247 130
261 279 298
590 481 145
356 173 245
133 388 119
486 258 88
288 56 31
153 329 86
457 182 195
535 182 24
539 439 222
484 93 34
286 77 117
465 433 78
101 566 320
135 410 159
451 91 251
41 280 49
560 130 116
359 22 180
247 562 118
382 439 75
154 82 299
406 584 191
225 42 257
397 213 306
255 58 79
206 99 12
487 16 141
307 411 118
345 15 9
215 397 265
215 551 152
256 315 206
124 540 283
558 330 182
188 622 243
552 185 109
553 65 255
78 408 98
305 110 304
450 362 64
428 577 241
525 227 56
526 351 229
642 302 236
328 490 235
72 399 156
558 345 50
417 424 284
44 86 9
365 572 237
440 358 80
424 240 159
116 159 208
385 194 163
377 522 77
384 594 146
576 545 130
227 319 33
287 399 295
493 157 283
418 598 127
349 415 300
472 532 46
374 310 85
579 44 95
23 428 113
546 397 318
92 18 253
134 305 86
262 155 304
319 609 263
164 315 272
248 180 318
492 555 310
324 527 27
71 550 25
412 453 71
49 581 216
42 72 34
398 370 40
304 83 150
202 247 192
479 495 120
74 381 212
586 62 310
571 169 35
341 617 174
544 24 217
159 102 59
42 500 65
153 197 60
229 435 308
14 307 78
16 381 312
572 360 132
370 288 207
147 22 77
377 567 244
546 119 320
217 197 2
258 350 168
382 616 120
110 23 60
369 39 240
367 612 73
462 375 162
84 522 141
323 256 83
15 196 204
416 449 150
103 64 213
630 446 224
343 592 54
364 354 75
123 114 112
242 577 222
43 54 304
510 413 280
293 428 45
196 237 165
296 340 316
103 327 305
563 28 51
439 392 274
318 515 121
203 150 180
498 230 134
30 97 196
497 390 221
553 586 140
379 275 276
341 379 87
106 335 83
499 131 120
639 485 253
251 45 31
476 544 4
112 574 178
197 464 315
67 374 232
138 146 9
585 487 114
74 593 197
269 485 176
214 517 127
66 162 297
69 638 64
338 144 121
61 377 106
211 445 249
340 619 141
101 562 30
278 29 153
182 298 240
254 512 245
168 615 220
163 41 277
60 416 230
602 477 275
323 45 243
417 421 206
15 523 52
135 194 257
242 412 127
226 23 170
85 191 252
70 355 15
123 451 104
355 410 308
286 90 117
55 508 199
444 559 59
144 87 132
517 365 159
545 592 247
514 34 19
420 141 209
439 264 308
231 12 48
500 335 43
208 390 288
338 227 283
383 408 175
16 282 187
25 220 169
93 91 230
389 547 17
397 379 313
213 610 65
476 468 121
186 33 14
476 371 205
39 148 103
332 164 219
384 189 223
349 318 100
421 101 221
597 498 25
467 105 192
313 581 319
530 160 270
494 636 110
79 68 286
108 400 221
419 142 6
307 527 209
323 305 208
243 296 144
578 120 71
238 469 223
366 356 1
564 243 14
490 359 156
600 467 281
195 280 120
51 587 231
225 267 65
537 546 283
61 482 235
369 77 307
615 480 163
450 401 139
278 248 186
210 205 271
506 436 293
374 523 86
126 105 70
219 35 147
609 96 205
511 465 115
276 473 197
396 316 11
153 594 241
305 161 210
282 61 71
574 435 151
204 597 18
102 173 317
546 139 114
258 44 237
47 320 269
353 73 209
416 263 5
85 568 200
30 243 231
412 211 286
30 415 207
433 517 245
229 456 108
157 107 33
586 191 259
239 544 240
173 317 114
94 438 135
212 505 51
428 274 154
435 340 277
433 167 35
604 396 215
343 589 61
91 568 261
194 165 303
371 374 266
240 468 189
642 73 28
73 537 108
358 330 259
451 156 179
419 153 117
237 496 187
162 623 170
314 175 266
367 582 111
130 180 284
368 215 22
468 288 317
199 39 53
307 490 129
617 303 216
38 540 169
47 95 140
18 409 202
154 169 70
57 299 316
428 25 229
266 493 249
641 86 209
96 429 251
350 403 156
150 441 72
482 525 60
152 579 60
33 127 54
497 184 172
533 613 30
142 236 94
110 270 218
118 366 205
616 73 49
167 259 54
258 134 85
480 323 312
540 356 224
90 246 68
618 137 312
565 315 16
362 461 139
281 579 24
629 588 53
94 112 121
73 406 76
577 279 312
411 176 68
371 266 308
516 278 319
60 200 9
483 598 270
533 236 279
342 222 221
224 352 182
401 462 304
70 396 256
97 164 32
481 572 73
469 445 232
593 542 82
462 382 106
113 309 65
379 8 232
555 269 268
237 27 226
361 133 123
121 231 20
58 69 257
298 538 143
208 525 40
319 344 168
420 493 208
115 229 116
67 178 14
408 451 276
604 169 82
554 290 252
61 385 212
140 40 201
57 284 151
517 639 139
73 417 231
617 532 201
562 635 133
134 437 210
376 398 26
144 345 158
144 406 318
285 546 190
321 604 7
276 514 103
610 587 197
152 597 101
602 552 48
587 43 169
380 419 116
342 600 14
630 137 134
54 422 25
160 136 218
587 448 229
368 416 109
565 604 115
81 599 110
196 543 42
177 280 117
556 622 98
638 2 169
520 56 221
305 253 320
87 233 110
383 637 238
16 560 293
246 34 155
421 230 210
604 443 279
636 356 320
588 388 239
71 265 217
618 570 125
16 14 291
506 397 39
197 413 210
493 52 263
137 473 178
289 471 124
113 500 150
560 445 16
402 516 110
300 528 136
488 544 176
302 443 206
74 641 267
479 527 153
274 21 159
300 346 7
161 460 135
379 377 253
342 136 208
606 472 155
154 317 93
359 12 316
354 87 237
155 602 266
44 233 53
443 533 313
26 88 296
146 467 137
68 203 192
542 166 105
259 321 253
556 73 287
10 464 177
142 619 134
157 57 32
230 536 304
7 562 110
243 65 174
250 169 192
392 69 274
364 364 234
83 313 44
421 359 47
239 501 121
52 52 97
98 282 320
35 325 155
96 569 60
18 176 286
142 604 12
469 326 35
510 445 59
625 223 148
560 498 81
544 586 194
549 41 83
483 77 60
373 209 34
364 227 210
488 370 3
111 196 159
133 100 222
469 82 226
521 35 27
467 580 265
502 522 262
176 399 70
175 129 52
173 493 313
310 374 16
445 521 145
299 12 223
598 481 227
513 395 272
319 255 91
68 114 34
502 290 31
405 502 170
554 32 190
288 378 56
427 217 220
120 552 210
592 544 271
503 450 230
450 127 236
369 231 96
132 126 144
330 568 189
14 479 129
263 160 243
244 588 76
103 101 293
10 51 290
398 554 225
574 397 56
398 160 48
301 328 8
531 16 141
12 66 42
169 330 26
97 574 40
242 70 93
296 80 224
252 478 203
15 445 301
584 200 290
134 538 136
454 462 190
92 474 165
210 36 320
488 133 1
104 375 70
464 29 27
269 317 75
628 332 191
134 309 155
480 479 62
475 291 125
522 383 76
635 629 114
508 510 23
311 614 270
185 472 48
138 134 37
606 155 73
268 289 280
131 162 249
604 637 310
217 516 30
377 545 209
537 410 48
259 78 91
321 263 180
484 438 14
285 437 253
454 62 168
325 230 48
33 191 31
31 445 169
449 179 55
211 109 262
483 368 82
119 47 294
264 567 285
542 210 62
369 57 70
485 419 210
120 452 87
393 519 216
576 362 284
53 609 16
584 485 78
550 604 29
172 261 170
233 197 33
123 566 129
76 408 163
295 564 249
63 315 55
311 284 254
96 373 24
632 314 55
215 221 118
560 394 3
223 20 115
59 179 250
25 292 2
410 587 62
640 43 71
104 391 199
608 487 180
436 476 210
69 85 301
379 38 243
308 261 117
469 357 54
590 382 55
475 186 262
318 183 122
476 287 171
347 289 305
556 82 151
472 187 41
609 567 189
534 268 258
514 130 147
638 77 306
447 589 51
237 264 88
70 134 17
294 481 91
398 394 267
299 259 211
322 226 295
383 153 269
62 24 113
135 20 8
590 503 26
588 97 93
126 203 26
24 497 277
175 252 318
444 588 36
258 303 308
638 43 93
37 141 83
173 276 263
458 223 46
11 204 202
507 331 277
530 355 55
355 567 228
4 404 103
520 19 110
47 15 49
335 88 247
4 261 72
372 112 153
636 123 218
355 23 289
314 553 62
127 302 269
228 342 78
275 255 276
17 303 262
446 638 238
373 35 317
5 443 303
504 436 107
601 185 258
385 499 210
561 19 171
54 247 138
595 558 81
512 612 307
480 415 200
536 181 232
246 186 209
68 84 313
50 42 290
92 427 28
44 382 292
370 436 212
359 388 211
640 293 80
581 130 189
553 59 7
560 305 64
367 410 55
611 460 199
432 552 75
110 632 135
485 395 191
501 148 320
469 145 158
369 120 218
78 30 166
610 591 181
79 315 315
275 319 218
513 109 147
536 255 246
333 133 42
567 28 249
583 497 306
285 223 62
117 337 291
45 341 10
279 456 255
279 89 122
169 602 88
612 531 181
437 222 52
14 182 97
383 158 139
290 443 5
317 597 139
374 642 90
416 314 311
166 630 148
199 156 306
414 125 285
240 598 86
236 613 221
260 389 114
138 72 110
276 425 105
108 192 265
353 608 131
375 131 270
523 367 258
630 138 176
18 414 15
272 8 72
137 268 275
124 407 288
627 40 37
477 184 67
327 573 202
491 305 174
35 185 104
378 172 149
240 227 33
22 499 62
488 636 80
94 153 89
378 174 231
481 8 120
133 335 235
429 219 177
250 254 164
438 26 43
157 266 101
255 324 35
432 170 66
199 264 309
409 35 27
52 552 103
558 78 26
315 544 246
450 151 140
127 590 14
619 104 180
89 395 198
93 185 71
91 420 75
278 187 109
639 275 212
401 191 313
535 542 42
246 349 79
247 476 21
274 489 134
567 614 132
542 64 76
80 191 46
597 469 64
507 501 40
362 296 25
295 188 186
166 434 313
188 38 315
193 312 33
302 237 278
200 172 308
355 289 256
252 243 297
371 107 135
123 505 196
102 158 49
624 324 75
209 548 212
306 98 287
286 400 25
236 637 266
251 349 117
494 637 42
563 366 16
562 525 249
179 628 25
20 2 28
331 211 16
38 553 263
94 196 194
422 433 261
280 77 219
463 571 116
283 527 268
246 447 73
71 19 267
55 75 122
398 442 155
40 481 89
386 611 24
562 390 240
125 64 267
38 563 292
624 239 40
326 485 151
553 557 180
159 5 244
409 439 282
264 479 186
29 259 243
26 214 22
493 340 177
394 414 47
223 395 65
616 78 109
206 24 177
458 183 90
178 629 13
341 250 146
341 279 180
346 341 173
134 191 317
629 621 258
401 238 44
413 211 128
304 454 262
144 269 141
26 484 3
311 182 140
504 559 184
314 298 227
338 432 54
59 418 251
194 213 81
117 19 158
154 359 311
215 504 10
496 566 142
120 270 279
637 131 151
219 445 68
107 140 307
258 199 265
387 429 59
112 546 7
48 93 217
474 309 158
526 198 241
456 355 90
567 385 173
595 605 212
279 69 129
395 363 103
322 107 73
463 219 81
16 303 189
535 134 269
345 54 73
41 546 315
44 470 104
178 423 265
150 59 316
263 490 311
576 169 112
104 25 55
178 77 228
382 6 234
252 351 82
393 428 236
209 508 265
411 43 0
575 194 151
237 457 247
226 426 116
323 566 254
32 102 96
44 520 111
227 166 69
464 559 279
604 125 55
608 537 142
355 505 112
198 136 26
530 362 307
425 78 252
382 146 262
416 191 205
456 454 283
204 276 180
380 273 27
458 238 112
616 630 58
324 221 182
526 144 153
548 606 267
493 345 7
576 118 106
500 574 156
627 135 172
26 551 69
230 403 179
328 376 300
325 93 262
493 620 60
345 561 315
348 411 251
461 344 32
158 237 207
345 257 271
166 320 114
296 550 45
57 272 274
485 597 68
490 483 230
33 186 37
146 570 315
33 388 227
38 582 46
617 284 242
117 486 31
169 175 14
16 269 51
276 111 132
629 637 119
388 28 96
29 210 10
81 244 189
513 282 282
575 293 260
216 410 93
213 615 305
118 632 299
294 301 307
497 323 18
504 68 65
90 97 306
246 214 166
183 120 115
59 88 38
255 341 274
295 554 161
547 65 64
388 360 190
377 214 33
396 111 8
407 201 220
57 483 274
595 59 76
129 154 314
28 409 200
301 98 86
583 2 238
247 426 67
212 196 26
536 592 166
321 392 77
203 450 207
335 402 103
16 567 115
393 595 47
467 289 312
489 266 0
577 513 169
417 119 301
508 48 23
66 370 297
505 609 144
140 338 237
514 354 49
434 104 7
157 608 181
621 454 159
444 424 190
87 199 210
569 64 48
393 130 170
574 635 271
598 169 118
381 76 40
124 546 285
498 61 157
519 39 248
198 520 156
391 607 132
96 569 203
493 319 214
9 287 176
135 278 227
635 17 218
168 177 60
484 69 258
158 624 93
286 179 138
232 607 242
413 60 132
15 589 16
427 599 192
260 127 162
262 120 94
376 324 37
393 165 252
472 359 25
590 38 22
621 271 111
616 41 181
573 93 282
242 556 126
235 173 305
470 435 43
151 168 207
9 597 119
616 426 257
596 409 160
149 423 236
309 396 296
566 362 223
126 641 163
357 233 292
72 96 127
551 247 207
103 256 272
500 265 190
612 255 124
120 404 74
542 71 284
435 637 174
384 156 15
247 549 67
318 621 288
218 565 266
285 62 224
343 562 92
185 531 218
472 45 235
539 623 253
396 415 65
9 157 274
262 440 43
142 115 319
117 369 48
376 48 146
284 391 23
457 612 121
243 477 280
469 374 279
123 163 228
414 172 284
290 471 153
36 613 196
439 123 150
122 499 156
510 140 165
210 634 230
478 234 224
147 96 84
440 219 94
506 26 294
121 316 124
177 388 226
384 184 110
353 307 180
335 210 133
101 457 131
515 292 3
85 439 305
65 237 191
245 136 115
633 257 215
170 470 281
356 247 176
22 601 15
224 329 265
567 430 172
257 302 110
218 424 107
310 525 305
622 163 38
352 153 96
399 323 313
226 72 309
238 95 100
593 319 231
552 279 89
324 537 226
389 148 155
286 494 28
420 473 58
83 219 31
39 11 258
466 237 0
534 512 264
559 462 267
307 371 141
520 89 272
429 478 21
119 121 15
371 541 55
143 17 258
68 56 61
389 559 203
140 486 81
628 438 31
222 102 320
60 16 88
506 445 20
458 601 291
297 329 107
609 508 148
534 612 53
469 359 136
35 499 64
113 520 191
11 100 37
352 160 14
139 59 212
404 517 211
147 207 225
503 174 59
233 101 318
19 570 298
437 606 184
18 76 309
74 123 229
233 511 18
443 7 269
456 411 295
463 594 109
156 454 21
357 44 289
528 100 12
450 537 219
229 591 28
564 59 46
320 292 270
308 128 12
319 621 68
277 441 206
407 598 278
139 348 113
580 269 201
341 77 173
65 342 210
580 263 251
576 619 265
477 284 267
385 639 79
97 274 165
404 74 245
559 213 174
151 186 84
486 527 207
108 592 270
321 530 76
630 499 292
623 333 109
66 75 235
166 209 137
101 613 42
633 565 39
228 73 98
93 595 161
70 60 60
390 418 143
365 441 135
317 421 172
588 524 11
213 83 296
148 184 202
157 175 74
416 403 212
218 496 173
583 567 132
255 350 230
493 72 77
588 389 123
445 371 62
377 584 158
519 90 186
24 247 140
130 56 126
346 310 159
515 251 127
173 506 300
249 357 45
159 338 227
490 140 315
96 517 155
428 429 272
301 453 251
350 620 133
195 359 82
536 231 193
231 440 137
239 46 192
356 205 290
220 89 97
490 185 130
59 6 113
397 307 246
340 50 80
375 245 216
113 175 116
67 406 235
599 2 91
166 359 84
107 615 15
224 462 132
215 558 272
636 312 300
261 9 222
541 420 298
502 534 164
124 637 83
150 629 220
294 152 298
1 295 156
476 555 109
493 127 313
552 157 9
276 454 21
50 352 163
105 248 195
336 372 243
329 558 123
397 209 280
181 247 109
616 80 145
264 610 80
505 555 145
380 188 12
337 238 15
71 344 301
375 73 277
66 402 246
386 193 163
287 374 181
447 384 179
591 41 35
183 546 138
5 320 284
244 14 236
229 85 294
462 496 301
424 598 273
301 377 108
424 21 36
186 504 282
29 452 177
518 28 103
277 33 68
224 278 279
481 543 4
440 363 80
471 144 293
298 446 260
354 263 193
142 449 133
349 479 157
598 354 92
179 24 17
44 284 196
638 123 2
31 563 311
599 427 116
479 83 236
93 437 261
407 615 304
546 322 156
566 313 173
578 492 171
624 536 47
377 531 289
638 598 44
11 554 119
136 390 146
100 483 233
327 247 94
397 186 266
302 109 216
634 80 47
312 98 80
310 475 273
431 506 309
508 518 200
333 11 171
314 148 229
89 511 246
479 265 151
585 604 169
324 595 72
592 264 129
109 610 147
230 398 198
269 263 203
256 633 278
25 304 203
278 429 54
170 265 66
249 207 8
508 568 306
205 553 235
607 55 97
235 285 111
405 591 2
414 240 141
470 265 101
32 543 300
105 71 190
443 356 39
136 221 315
424 427 103
369 427 57
318 55 63
23 460 108
63 267 72
93 95 58
463 127 229
619 232 256
397 68 87
455 240 280
438 21 198
367 427 291
316 102 248
622 161 16
233 260 117
120 353 121
236 173 163
325 185 112
485 583 152
358 395 37
525 227 7
475 594 43
246 303 106
73 318 309
396 551 10
343 28 247
422 301 156
627 626 292
458 505 202
357 220 110
532 102 11
86 614 76
103 217 157
259 290 66
612 79 230
546 459 266
227 238 231
154 258 33
230 73 182
282 430 55
86 320 252
190 442 10
209 546 126
603 198 273
637 167 148
616 70 52
16 334 243
360 488 106
80 111 8
342 393 235
181 515 301
194 62 281
179 307 81
381 268 129
266 262 24
267 235 29
84 251 71
175 4 306
525 121 63
305 463 118
551 37 193
475 231 230
234 446 54
575 184 74
435 451 35
498 75 33
631 196 11
528 371 202
269 253 249
158 594 267
439 503 58
593 371 59
167 605 282
48 537 141
233 365 300
1 220 265
77 244 204
405 165 175
130 435 82
619 629 320
285 425 95
24 376 282
637 543 131
447 627 44
442 217 150
280 254 16
230 368 314
376 130 151
287 296 88
451 272 188
602 557 181
614 581 123
353 611 60
55 452 163
365 251 253
398 567 44
43 191 76
576 603 39
632 283 67
515 127 156
421 87 116
73 58 73
137 411 204
137 502 216
157 261 183
394 16 84
278 59 185
495 29 233
270 18 149
342 569 270
78 347 205
372 456 50
639 629 19
232 159 177
313 316 246
2 103 241
331 382 246
207 270 119
44 540 11
201 275 11
485 354 306
249 83 48
71 115 0
340 348 224
505 54 103
324 93 281
159 424 23
90 631 116
49 69 142
27 270 238
3 148 170
362 397 308
535 468 83
88 201 274
479 100 134
543 424 98
104 584 183
83 31 0
296 116 289
443 179 168
258 182 228
427 545 285
36 473 0
439 561 35
584 433 313
140 370 49
396 474 59
505 558 268
566 247 86
54 83 97
490 341 314
468 125 264
199 197 63
399 637 287
193 578 127
123 75 77
441 507 29
130 369 190
492 328 34
328 418 94
344 302 217
578 127 118
107 326 171
109 118 4
66 347 212
457 470 287
574 305 123
559 435 292
495 284 153
36 6 247
339 386 102
340 357 199
467 500 250
185 609 50
539 69 93
222 526 233
15 493 268
352 446 189
414 298 197
198 370 56
401 66 185
262 443 256
251 303 76
602 488 282
428 421 199
638 0 207
33 51 131
411 403 184
582 175 167
394 409 116
284 167 123
560 430 18
550 74 172
433 33 113
282 497 100
237 529 24
74 562 173
441 330 280
611 269 250
473 56 168
62 376 27
396 293 48
531 236 177
362 62 207
2 381 189
100 618 215
233 85 130
382 563 202
328 567 233
484 397 29
407 495 290
498 249 168
447 173 310
471 535 265
563 573 132
510 66 295
379 300 67
203 75 16
394 403 73
211 281 271
156 45 150
442 579 156
451 384 171
53 248 182
360 168 99
406 72 21
462 487 42
640 48 131
131 478 61
154 82 133
610 238 77
275 74 36
226 525 128
349 578 141
401 331 215
419 94 81
503 593 22
281 626 33
134 115 316
426 305 73
357 308 297
369 619 178
317 202 274
43 588 253
52 382 176
194 194 313
444 90 316
575 371 48
110 541 236
124 325 243
219 75 87
589 444 104
426 118 264
145 197 215
478 250 139
500 480 135
9 318 157
147 250 178
268 360 78
577 520 170
547 133 199
219 79 174
510 506 267
396 44 83
264 523 219
549 380 112
350 389 97
277 536 11
575 197 73
165 167 24
44 108 192
34 327 164
468 230 117
414 19 4
593 319 11
343 226 314
609 612 195
551 246 38
135 214 9
80 380 90
546 460 137
537 531 169
608 392 290
614 199 123
629 149 320
559 528 195
227 495 68
283 439 28
269 574 1
488 12 249
195 594 300
47 488 33
261 490 128
63 461 277
563 483 176
96 436 295
499 20 38
263 339 212
274 1 51
535 489 84
533 78 132
420 125 202
160 422 255
364 485 155
88 405 226
641 538 24
437 430 116
120 50 56
207 324 202
297 216 176
363 142 252
416 563 315
350 116 145
132 480 34
411 604 288
566 639 266
515 433 231
483 553 184
184 153 84
566 450 255
151 206 234
457 15 70
281 366 234
527 534 280
9 338 165
576 297 249
430 169 118
36 46 131
371 266 181
423 189 181
49 340 217
497 190 166
257 471 96
170 392 262
562 437 245
309 406 68
16 194 211
228 266 14
351 637 107
627 417 185
139 503 222
501 393 215
272 43 160
408 213 65
472 133 285
266 478 147
358 531 169
13 116 126
320 467 17
287 487 43
480 627 207
370 521 33
450 150 166
395 559 129
89 424 272
293 47 50
224 442 285
385 455 132
169 168 45
626 492 135
214 329 196
306 92 192
183 542 152
104 331 310
239 456 82
542 106 103
38 330 119
65 108 206
245 277 125
213 296 169
61 511 17
573 210 8
320 393 173
217 498 282
67 94 11
340 636 221
54 32 162
246 133 258
286 378 244
459 627 139
552 82 306
332 12 243
203 332 236
10 585 199
184 9 125
136 350 102
266 440 43
83 80 233
45 366 232
285 182 200
214 92 21
11 460 76
625 20 304
418 31 80
31 215 287
416 387 182
188 46 306
28 130 203
2 175 11
390 496 110
119 67 26
610 78 30
469 96 130
54 515 111
188 582 255
403 391 183
290 616 118
46 1 221
489 3 293
12 429 6
433 549 71
303 516 18
633 378 156
377 432 266
187 13 294
213 417 230
20 64 243
516 110 240
535 635 271
86 40 294
134 474 73
286 134 67
516 161 100
235 574 86
470 118 39
36 332 245
30 388 177
604 261 141
573 189 19
581 275 75
375 446 31
112 125 302
400 641 207
388 269 198
202 132 318
29 169 113
237 235 155
581 233 173
392 199 320
231 173 63
110 548 166
464 53 127
345 454 217
459 235 271
468 473 168
631 502 133
520 96 75
153 34 102
48 462 269
203 50 69
598 161 118
189 18 167
584 399 149
334 215 164
354 76 297
542 64 200
292 584 48
241 95 88
460 179 255
270 382 64
218 374 27
107 599 176
49 541 239
518 268 287
579 15 265
506 557 34
257 206 98
141 484 86
95 337 172
511 607 34
371 182 310
428 289 271
539 375 228
406 286 145
488 222 227
39 121 251
298 379 99
534 556 283
222 8 79
161 555 9
482 284 76
571 105 211
9 2 58
24 408 155
271 290 277
570 329 80
141 627 84
597 518 270
251 133 16
242 294 287
233 170 49
407 134 292
264 179 92
495 203 9
370 510 10
502 438 292
149 615 178
175 605 157
78 213 177
61 491 23
564 117 49
136 561 245
421 182 240
137 34 126
262 440 116
69 336 302
170 485 40
292 18 188
325 132 202
491 194 161
345 151 192
369 287 185
599 102 284
329 239 158
298 537 32
171 607 114
481 170 95
157 498 60
437 216 279
324 65 310
94 446 188
18 173 215
467 129 227
455 495 63
514 186 52
406 393 70
634 232 88
61 425 283
186 255 172
479 615 116
323 67 138
354 85 220
29 589 286
450 401 186
503 308 114
486 107 52
434 98 301
624 160 192
26 382 302
324 218 125
44 577 74
247 288 20
622 317 149
556 160 35
342 20 156
351 543 225
110 334 286
137 351 47
589 413 210
10 95 91
83 175 0
223 458 310
521 474 21
85 387 118
87 87 228
470 438 198
281 584 99
226 78 272
368 24 105
248 70 24
383 154 9
487 413 265
237 291 304
340 413 91
603 536 64
280 363 17
464 1 255
411 264 48
66 632 162
171 273 4
370 49 206
102 537 268
293 167 73
350 507 161
152 467 178
41 105 279
440 605 302
101 410 211
519 512 239
318 40 22
224 411 159
283 513 143
149 199 149
307 586 198
270 95 19
127 173 230
348 613 183
570 72 44
449 627 17
353 339 209
530 563 254
114 203 93
271 389 314
559 89 257
104 359 198
153 487 270
270 228 101
386 155 198
305 640 288
58 386 145
494 273 94
91 424 274
237 52 242
583 5 140
265 109 314
43 262 301
636 569 312
557 348 260
622 11 288
636 105 314
345 599 293
11 83 247
559 320 134
210 297 289
629 562 268
121 641 274
137 635 218
380 585 30
208 565 259
32 594 28
243 332 120
120 343 79
421 295 66
131 541 192
490 527 140
351 6 107
510 179 297
632 595 169
423 160 241
297 193 160
276 436 3
247 592 119
301 370 70
68 537 168
133 420 94
189 164 300
207 68 241
290 57 45
315 516 156
334 170 37
304 482 187
570 86 257
609 387 105
337 455 187
570 624 217
80 170 261
276 414 18
43 61 281
370 412 49
251 139 155
360 443 238
263 406 165
150 409 200
444 103 156
632 30 23
633 146 7
156 458 217
390 502 172
74 229 41
274 516 65
37 234 268
282 533 80
613 76 125
81 520 153
41 509 264
18 500 231
165 49 35
120 440 101
135 550 221
599 218 232
594 255 34
390 538 136
592 544 153
596 19 124
60 96 234
233 114 245
552 315 165
80 435 264
110 571 181
406 563 151
611 550 261
443 297 174
165 282 55
606 271 290
282 331 140
504 564 134
618 510 27
103 590 288
64 94 60
612 536 26
91 504 252
505 340 42
171 505 305
382 468 269
40 144 21
402 41 8
270 16 210
490 120 205
503 220 93
443 225 164
340 353 193
144 215 214
281 423 295
58 198 15
143 238 73
523 640 61
253 304 157
458 151 136
39 11 262
357 491 76
604 188 166
105 368 219
589 42 89
292 137 84
499 280 174
244 196 109
29 449 93
510 300 17
504 339 168
76 89 287
552 86 11
95 191 234
532 137 36
143 429 227
558 322 250
569 602 243
7 24 29
355 535 258
284 396 238
225 508 64
49 417 15
98 512 101
514 438 9
366 581 104
355 532 79
17 495 193
518 502 1
183 250 167
220 535 185
596 153 316
455 202 249
401 300 80
574 208 98
241 574 256
374 323 65
222 340 272
29 252 277
504 471 241
299 48 114
491 1 317
549 457 107
417 251 136
154 182 319
366 423 235
515 191 110
590 413 194
517 479 89
303 340 77
340 32 27
304 524 314
386 466 155
99 240 208
112 430 0
334 153 46
559 62 198
464 45 78
138 563 267
29 223 57
426 599 257
229 261 22
33 40 57
366 139 154
307 251 141
466 621 47
405 573 315
572 430 115
545 569 292
354 598 92
503 381 79
77 610 113
176 36 308
133 438 197
331 102 237
316 568 107
490 367 157
84 332 314
366 234 314
604 588 62
422 484 73
233 597 123
341 166 135
525 300 266
205 631 80
173 340 85
155 187 5
67 307 39
446 30 129
108 634 221
404 450 51
475 76 61
513 418 275
623 336 39
529 542 218
574 108 311
544 263 229
310 366 289
372 170 98
61 314 67
374 112 287
564 587 263
65 493 294
340 509 46
344 396 289
336 363 45
61 300 316
10 610 228
266 339 28
588 436 30
259 167 295
416 124 119
43 189 14
87 566 47
504 267 164
177 640 124
601 58 197
2 68 203
449 370 113
458 316 241
139 611 302