526
419 89 39
255 382 260
504 490 54
278 95 151
121 231 183
473 239 233
35 363 215
228 254 125
8 450 194
204 163 52
107 56 141
130 32 260
390 10 224
428 288 56
53 129 7
219 76 229
452 111 66
124 59 57
250 313 228
427 237 128
199 345 167
340 195 199
57 59 192
18 487 200
320 260 66
47 479 125
13 126 236
342 250 15
399 220 66
347 367 40
212 40 105
100 100 37
19 157 97
475 421 41
132 215 39
199 508 255
307 521 118
281 337 89
279 457 29
345 524 134
369 211 157
211 31 258
249 50 135
66 245 31
370 378 229
409 297 212
122 78 207
240 79 2
49 359 179
79 424 177
476 267 108
353 479 139
85 448 173
467 514 138
498 78 253
464 488 7
133 84 86
324 44 165
46 340 244
225 419 143
122 89 147
231 442 83
90 248 5
246 189 256
122 161 55
95 345 17
366 479 84
435 523 111
57 43 188
39 268 64
445 110 153
312 341 70
133 152 38
401 118 227
378 240 108
433 56 173
170 142 109
517 51 106
348 354 149
274 393 137
338 32 248
212 345 46
2 478 198
40 73 54
513 451 14
95 358 53
514 248 195
361 239 229
204 308 58
337 302 171
211 360 187
196 46 6
489 48 204
161 334 14
198 321 186
196 136 1
495 371 250
411 206 209
377 130 254
418 467 30
47 153 111
234 69 157
486 32 189
164 440 243
441 358 22
84 274 141
86 244 249
336 129 175
19 226 43
257 365 247
270 412 120
118 366 173
259 326 188
448 490 85
411 125 181
170 210 192
312 296 156
18 352 22
457 91 232
500 348 71
204 93 220
308 457 60
201 190 123
126 358 70
458 244 195
376 414 125
288 446 141
165 465 230
170 396 42
402 370 127
473 294 203
430 322 135
473 523 62
316 370 158
123 302 122
302 398 10
164 160 194
289 45 133
239 216 249
281 92 76
146 40 107
69 190 167
450 138 147
496 174 254
374 298 30
496 74 165
506 484 46
157 493 91
273 207 27
505 488 120
55 354 160
146 424 70
33 348 191
443 318 103
172 412 138
448 382 195
351 83 136
380 240 104
454 234 48
219 213 256
76 269 85
219 415 229
26 168 34
218 85 73
58 503 222
442 426 79
94 497 162
476 351 122
54 525 93
85 218 27
325 14 33
393 233 168
359 506 56
113 198 141
186 502 102
392 138 2
454 232 219
73 182 27
458 483 26
272 288 245
19 87 259
35 200 213
466 33 193
505 393 111
383 299 87
485 165 208
207 339 160
146 412 62
436 65 19
200 57 28
428 76 98
144 111 36
94 297 52
270 276 182
118 379 219
188 59 104
396 266 181
30 413 67
339 43 115
358 243 172
106 391 248
468 256 96
224 70 130
13 341 126
442 459 243
398 368 39
485 484 25
140 515 158
454 48 202
306 406 165
216 233 31
201 421 24
18 119 94
411 378 155
521 294 72
238 412 177
14 372 135
302 232 107
198 160 155
383 187 19
285 403 235
299 324 130
323 342 232
138 474 84
13 469 99
348 181 248
525 441 77
381 463 30
471 381 190
84 238 114
103 524 237
75 297 36
188 341 98
420 199 29
224 212 235
323 35 136
29 280 34
352 381 235
382 327 90
293 411 49
144 234 47
365 29 64
384 217 142
219 357 61
495 55 11
467 379 29
61 128 46
341 480 148
313 337 195
387 104 80
173 494 34
203 53 63
4 437 0
393 377 94
454 346 149
448 7 248
477 68 113
507 410 51
392 443 108
324 304 195
387 197 163
158 400 200
204 125 111
467 518 225
35 166 45
184 89 36
153 40 87
3 21 217
54 133 135
162 177 159
94 38 94
241 442 214
441 120 76
272 307 68
235 342 235
263 247 44
299 400 84
370 123 89
324 424 205
196 306 120
339 121 141
433 362 41
367 523 161
181 515 189
232 224 5
450 208 235
231 227 92
299 71 199
388 396 97
50 312 140
170 125 261
295 278 80
336 120 60
217 301 50
406 253 257
132 178 185
350 409 133
443 428 204
379 290 57
459 61 90
319 231 215
55 246 214
118 56 71
425 520 92
195 400 82
189 252 243
358 77 127
228 240 12
415 339 40
473 272 84
283 65 35
218 366 19
432 205 58
240 350 52
315 19 190
398 208 162
378 40 239
488 514 199
501 404 12
524 351 4
82 354 53
117 46 156
119 479 81
178 439 168
230 229 187
403 101 116
303 199 139
525 408 128
462 383 6
211 101 77
199 429 168
252 20 197
391 140 150
210 318 64
98 268 13
6 146 114
122 449 33
244 448 178
109 104 18
98 36 119
438 235 22
326 487 26
261 352 149
394 282 204
441 101 192
191 107 75
288 475 244
59 193 150
483 303 254
239 121 27
95 280 262
101 326 206
127 61 16
13 176 35
463 91 119
129 3 226
468 291 175
169 70 89
319 28 112
48 267 233
58 82 250
304 183 51
510 30 95
263 43 8
19 226 83
401 356 86
85 18 97
243 433 168
69 227 196
444 521 183
135 53 2
385 77 169
156 62 199
515 325 226
243 64 189
309 466 2
378 271 20
213 514 191
118 304 138
297 222 116
217 357 152
465 463 230
371 93 29
28 328 74
254 292 139
426 75 62
429 174 70
169 387 41
343 225 82
218 522 25
334 213 102
470 152 22
437 244 116
466 272 164
14 246 176
399 146 252
198 49 163
514 465 7
293 282 232
95 221 228
120 275 161
469 219 33
228 130 14
327 316 6
229 331 252
388 450 136
377 123 168
260 357 107
250 124 110
219 220 68
430 60 80
328 3 37
345 478 150
79 279 204
86 228 255
58 91 179
177 188 22
66 169 117
173 419 224
283 359 164
334 263 208
415 312 194
435 377 146
305 456 146
246 262 94
484 321 185
401 218 94
406 284 246
243 458 139
205 461 218
352 516 202
34 125 251
492 34 85
95 59 15
224 306 15
56 510 56
224 105 11
55 512 33
301 229 211
161 154 129
99 227 119
301 261 244
9 473 261
94 289 58
110 513 84
108 43 51
427 514 157
438 43 143
454 65 92
402 472 230
252 45 194
371 347 175
336 76 106
54 171 115
358 281 102
162 109 129
477 10 117
371 168 143
251 343 191
326 465 137
30 191 166
207 283 233
366 339 46
472 393 217
307 226 218
129 388 64
521 339 57
95 184 226
485 155 26
413 202 228
288 478 157
174 406 160
407 246 236
190 438 103
145 219 49
346 348 175
411 64 234
451 405 139
134 364 14
160 252 199
126 260 152
3 434 32
163 315 261
136 225 173
222 370 112
9 437 197
430 322 244
384 247 124
243 382 208
258 16 180
194 388 177
329 391 68
98 28 103
359 410 66
252 107 156
364 116 67
19 266 109
509 124 77
107 368 196
36 346 195
216 260 41
131 64 169
445 408 198
23 488 65
72 460 172
211 299 8
16 38 257
108 21 119
448 375 207
364 411 10
297 347 253
338 198 54
490 118 183
145 387 128
211 179 62
103 390 81
112 126 102
106 235 124
471 157 219
398 522 87
145 13 171
399 71 107
436 35 208
76 427 69
450 112 248
513 215 112
314 47 239
154 154 194
261 345 88
463 218 67
24 83 80
178 482 134
5 113 170
476 435 54
2 360 166
233 67 101
83 101 149
305 501 23
482 236 105
44 419 60
375 163 144
438 342 83
47 347 179
463 18 89
254 20 169
403 254 236
241 57 57
127 82 33
413 38 252
519 328 146
36 177 46
443 336 125
247 103 193
163 40 211
515 14 214
141 417 205
360 132 262
155 506 64
451 113 102
177 106 168
323 389 65
353 306 138
198 27 241
391 437 1
322 426 15
274 288 169
479 122 22
462 277 2
0 202 115
103 100 205
254 143 68
56 496 94
441 169 105
156 280 16
158 77 162
419 351 187
326 24 47
331 486 61
70 207 247
168 310 84
93 284 210
407 340 181
502 255 70
344 132 87
97 10 164
522 429 235
430 475 243
214 280 203
521 70 130
505 239 177
309 52 181
257 460 259
175 436 234
228 500 103
315 317 113
200 313 17
155 217 229
135 151 230
322 147 37
189 372 259
87 156 49
268 413 246
510 308 139
482 10 96
59 45 150
173 245 183
436 121 121
402 256 9
89 52 156
127 488 3
123 49 142
172 317 29
401 22 57
260 504 50
93 37 95
243 456 61
427 366 182
268 489 158
14 52 211
154 425 156
140 23 205
282 441 242
31 37 1
334 297 242
121 111 0
479 74 193
523 221 17
442 489 226
338 504 261
6 378 161
162 518 184
87 520 82
329 25 119
314 359 137
276 200 231
276 399 42
453 397 1
190 33 227
136 91 205
134 97 40
32 505 32
199 66 26
2 116 34
367 430 130
504 426 50
472 177 187
235 350 58
499 14 74
200 150 166
126 4 246
429 283 226
445 202 12
208 204 111
243 46 261
356 270 162
144 463 59
331 172 146
109 391 143
166 311 13
69 437 0
36 61 20
262 506 223
520 434 147
89 397 193
87 228 184
512 92 121
28 143 13
420 498 141
20 138 189
296 208 84
17 244 128
300 226 91
506 466 262
391 29 117
41 363 65
488 69 157
66 98 37
342 518 9
203 13 130
376 29 58
180 46 39
45 67 248
136 47 172
381 438 184
218 480 21
283 162 91
440 229 189
460 291 164
452 215 160
57 65 190
115 245 219
138 10 23
106 392 71
15 493 229
200 186 166
221 469 66
312 384 15
221 38 26
369 491 241
3 22 26
439 137 254
396 521 247
139 102 113
456 117 81
406 317 4
309 259 193
95 291 51
110 233 90
383 76 38
98 325 60
371 239 180
82 355 176
330 214 15
443 391 132
244 271 170
511 54 149
162 396 177
476 226 130
23 83 206
61 428 252
367 519 211
285 75 23
444 405 237
459 43 102
311 287 110
201 519 148
350 155 18
511 351 244
378 375 48
42 156 213
31 244 206
225 3 18
248 447 144
485 100 187
308 131 211
401 333 187
23 403 79
287 388 151
252 487 246
300 249 139
496 0 103
439 225 106
177 473 10
41 152 93
228 460 225
423 56 15
330 79 155
393 87 1
281 339 225
264 113 194
123 329 194
227 488 139
333 385 69
327 427 221
140 375 139
365 272 195
117 323 257
519 190 81
257 471 157
202 209 253
116 332 56
310 33 18
169 87 141
501 134 25
459 274 137
318 360 130
233 197 190
228 436 117
309 167 45
450 89 254
423 205 43
480 235 60
218 404 147
342 379 1
367 33 258
488 71 92
355 305 10
19 7 183
119 36 71
410 486 160
138 384 103
164 58 58
224 522 200
91 339 36
92 426 52
88 388 124
163 463 166
436 202 156
340 321 192
411 205 136
45 63 257
131 474 35
453 172 31
127 264 90
146 76 237
199 164 82
323 48 20
472 484 222
102 298 1
14 429 189
413 475 236
390 80 184
425 7 93
177 380 77
267 247 154
224 446 38
44 489 86
327 435 28
286 257 46
7 271 213
460 159 145
170 23 225
354 169 216
184 346 53
245 333 37
136 32 220
157 76 166
227 403 75
255 409 52
21 417 61
497 351 203
116 241 209
62 69 115
261 499 181
314 218 252
335 74 21
275 232 97
179 459 220
237 434 103
27 455 240
334 147 65
520 509 43
203 291 95
302 26 69
220 61 7
192 396 82
476 391 34
30 44 213
233 2 121
74 275 33
297 329 180
100 323 147
389 246 175
468 268 202
274 209 246
18 401 116
83 352 227
100 102 255
50 336 257
434 130 252
188 427 55
88 247 98
498 357 64
148 299 70
70 47 262
53 311 137
152 115 209
116 215 49
371 266 105
348 420 235
320 328 136
375 417 104
193 389 198
258 257 234
311 47 1
47 100 32
184 498 147
394 89 83
426 180 69
268 249 209
486 43 12
79 139 166
446 332 12
118 310 253
335 95 37
73 142 121
89 47 93
499 161 165
39 307 66
371 295 52
318 255 78
313 334 217
479 501 24
474 339 71
201 149 150
502 468 12
97 31 59
190 5 220
339 290 1
142 382 33
194 174 8
9 487 63
210 160 38
217 108 114
8 310 246
421 6 189
171 103 220
213 13 208
417 352 236
155 214 92
435 408 249
163 138 193
226 68 90
510 285 181
82 13 228
328 435 234
237 326 57
458 13 54
403 150 126
359 306 78
451 461 206
157 344 64
350 291 132
423 275 137
79 77 151
290 126 43
262 363 106
302 295 102
76 419 253
203 252 16
18 424 197
487 55 261
289 126 26
404 23 22
279 348 99
167 113 225
210 95 46
299 397 78
121 474 234
374 397 207
373 135 88
27 96 126
26 105 252
315 510 259
320 509 81
157 150 194
365 80 9
411 379 144
473 500 75
427 69 192
108 442 64
459 470 143
60 216 249
32 5 216
274 326 199
93 203 69
270 288 149
17 174 2
407 367 222
465 268 28
394 377 208
458 30 135
338 336 88
44 89 76
506 363 122
425 456 62
214 447 88
363 184 245
85 311 86
308 250 91
319 364 188
1 16 202
119 354 12
453 119 101
267 345 185
126 245 115
435 459 19
506 17 203
225 102 251
31 130 221
105 450 59
31 171 75
233 11 150
491 464 252
313 451 71
498 52 53
333 207 233
90 187 233
276 412 72
248 163 186
469 268 93
249 299 247
324 252 258
194 464 180
183 497 105
518 469 140
291 522 84
244 332 8
214 329 140
7 51 40
176 240 46
269 489 65
499 8 38
495 202 222
149 106 193
500 344 119
378 355 115
462 74 185
208 8 234
85 15 22
372 191 262
401 180 209
203 154 200
224 369 122
183 238 228
113 212 29
232 64 122
68 247 196
236 455 187
207 260 203
475 352 114
457 227 15
403 151 152
77 375 258
200 33 233
148 392 165
441 345 213
37 133 197
479 369 109
403 296 106
63 245 179
161 176 143
159 300 31
311 97 127
26 17 160
259 166 9
144 327 74
94 84 207
291 283 50
137 406 66
490 470 48
143 351 208
269 510 228
301 15 62
148 41 80
308 20 229
300 164 30
112 505 114
56 270 134
90 128 14
139 92 204
188 481 12
379 224 242
344 245 257
406 113 18
206 421 38
172 442 186
465 28 165
36 330 172
416 140 20
431 280 95
355 188 50
105 41 258
330 105 223
45 231 74
326 438 215
348 84 114
8 270 125
173 306 193
328 197 70
332 348 70
427 177 258
198 2 19
439 53 124
119 98 76
193 424 251
129 492 55
226 500 62
352 393 89
2 442 6
318 248 91
389 149 251
121 347 237
141 506 27
511 100 125
61 13 6
295 388 236
88 89 193
396 441 61
485 443 223
211 481 208
39 344 94
11 186 162
511 47 125
12 32 225
383 340 239
372 355 101
328 443 173
259 34 88
303 239 251
263 451 190
191 490 8
268 221 194
167 206 241
13 464 257
238 41 54
477 134 146
299 462 47
209 441 81
281 464 57
515 447 228
179 112 176
188 381 134
102 268 78
64 281 262
58 520 41
358 191 175
241 210 94
288 420 10
369 421 194
410 410 116
375 310 228
271 218 66
143 320 72
467 104 73
203 408 67
507 240 242
139 482 189
234 490 66
490 54 207
158 184 75
274 279 122
223 25 77
26 168 117
344 109 205
418 312 87
205 14 65
184 153 4
94 107 231
423 71 22
88 230 206
163 224 223
22 447 231
345 194 136
182 12 228
124 150 260
475 356 11
260 14 148
247 354 238
478 252 47
484 60 260
147 223 221
90 491 126
58 310 40
440 212 35
405 57 186
123 252 16
134 512 13
265 233 105
504 431 77
8 109 137
268 503 97
472 67 62
72 372 92
358 286 24
131 412 81
54 9 70
333 389 39
66 375 9
434 73 161
248 81 253
368 349 230
465 15 35
247 88 127
339 446 150
364 51 19
165 351 28
499 404 155
12 471 250
5 99 60
429 68 141
156 436 210
107 376 225
405 343 33
269 157 217
139 241 251
422 126 60
433 99 201
308 112 129
32 363 229
355 512 34
233 142 207
180 249 40
389 374 121
159 363 261
96 223 222
331 365 85
391 272 185
49 55 17
179 87 117
408 163 103
425 396 228
352 297 198
130 406 29
251 39 113
249 136 73
208 467 175
13 52 184
198 101 222
461 280 47
35 408 210
121 307 63
350 134 80
268 510 223
34 235 0
410 204 119
483 132 60
115 145 112
300 64 213
259 245 214
26 281 96
482 402 124
283 226 258
346 214 242
44 249 197
27 379 138
146 57 253
452 172 135
284 192 182
217 172 165
431 444 183
248 401 59
372 404 6
350 224 203
312 514 172
509 15 26
104 161 66
357 87 238
475 91 151
132 309 60
280 214 241
463 182 99
242 28 240
494 378 185
155 164 173
64 393 189
353 217 70
419 48 141
378 244 232
249 96 15
46 376 213
7 33 132
370 521 144
330 210 259
515 365 144
163 429 257
72 503 212
142 116 260
20 214 224
516 463 57
514 229 153
447 237 169
37 327 148
181 377 95
423 367 180
304 250 66
299 42 26
511 184 126
491 451 77
436 161 261
476 149 227
367 317 184
256 354 231
141 9 83
236 432 170
136 457 140
466 476 182
492 461 86
355 146 11
153 56 172
414 7 42
98 94 96
20 350 187
234 212 179
54 168 68
207 305 262
84 491 212
249 177 130
73 253 14
67 406 53
503 14 43
2 112 137
98 378 208
268 87 157
167 387 62
498 69 87
235 399 52
167 369 230
35 162 220
295 229 100
331 452 97
375 174 209
232 518 45
440 260 132
54 427 239
363 120 45
450 355 165
503 242 254
207 523 153
410 12 102
493 344 12
64 193 186
273 425 162
55 60 159
170 114 44
147 197 164
438 122 239
323 99 201
51 26 199
187 436 211
273 403 29
5 187 205
437 180 88
336 482 131
216 126 228
523 519 163
144 432 22
120 229 104
58 1 113
240 434 6
189 427 146
201 432 53
127 344 233
478 400 189
83 90 53
48 87 46
457 231 198
216 71 148
40 376 132
416 90 40
422 525 205
25 447 94
341 48 158
312 246 33
238 49 123
11 343 211
304 275 162
502 211 217
124 252 67
519 142 157
17 39 140
468 64 61
299 126 92
195 438 75
211 396 107
71 408 187
265 186 199
411 162 131
102 7 120
169 246 262
46 263 21
449 451 69
247 225 195
339 140 107
397 351 240
504 142 105
429 408 28
348 293 174
479 115 181
336 284 164
56 330 148
340 500 73
409 467 18
78 1 158
431 398 229
129 377 92
234 0 237
0 68 250
174 268 102
75 324 106
502 380 156
107 441 130
444 44 72
199 369 56
341 274 191
27 123 25
382 358 25
339 78 77
309 498 82
148 47 143
237 23 244
131 377 159
244 295 203
299 214 46
355 275 41
4 303 164
29 405 242
301 219 57
115 2 29
443 397 76
323 354 83
304 485 197
446 450 212
387 469 163
416 299 176
440 303 199
342 52 78
321 353 17
99 188 3
128 105 137
451 429 228
271 453 171
188 94 78
400 201 21
300 91 57
196 6 80
395 68 133
474 109 223
211 208 149
477 57 237
88 508 123
300 253 51
191 441 128
6 35 66
290 335 140
68 6 146
148 401 197
281 69 27
488 281 235
357 232 29
331 41 257
175 61 247
472 252 145
337 504 180
403 268 236
280 336 242
410 485 100
81 486 153
108 168 154
64 245 106
76 297 130
71 472 191
38 418 163
167 229 141
84 106 147
303 106 203
2 516 162
103 318 106
239 146 257
130 210 240
499 287 257
104 78 203
15 116 78
179 283 44
40 88 133
450 111 222
391 114 213
10 463 251
362 176 134
77 26 65
37 525 72
294 349 150
217 365 3
32 264 7
322 304 78
438 475 189
134 60 40
347 316 223
72 153 136
190 476 162
518 513 145
327 281 214
214 498 36
463 4 37
190 46 62
5 484 11
458 92 71
218 440 107
442 232 243
35 422 193
181 414 180
326 215 198
260 149 153
34 87 140
71 277 186
133 3 144
390 181 237
181 399 134
289 35 86
515 317 246
446 498 117
83 18 53
282 278 202
418 312 26
33 104 24
465 483 27
330 68 208
41 249 64
158 258 83
507 248 137
473 414 92
48 497 110
364 499 108
23 392 141
296 145 245
320 84 185
67 134 253
521 175 223
42 53 201
125 281 186
525 474 74
91 522 29
447 80 2
30 350 114
171 120 259
136 160 64
304 227 198
295 468 94
501 510 130
439 110 148
100 355 80
420 167 59
186 88 140
172 364 210
23 255 67
266 111 227
67 416 174
248 431 116
325 406 100
456 319 193
61 139 6
141 280 173
464 186 244
61 358 66
8 102 58
321 368 170
22 155 60
442 403 228
32 449 91
378 379 147
29 160 7
35 302 24
454 486 193
435 267 26
501 275 111
17 316 216
450 338 108
493 500 231
441 6 137
269 104 236
136 379 134
143 134 173
150 62 116
344 218 120
90 439 115
464 456 168
400 100 226
491 313 200
179 228 189
317 217 13
27 354 130
424 217 247
317 88 47
416 432 2
10 242 178
371 180 92
276 300 175
485 265 226
142 164 174
51 481 129
65 229 203
178 373 140
425 165 228
455 55 134
457 312 113
93 157 13
431 154 33
343 359 18
289 502 183
464 27 138
330 338 87
516 236 198
393 136 83
359 65 138
476 243 170
310 56 48
323 487 202
77 24 18
95 314 257
278 252 5
137 302 80
224 292 54
159 405 173
505 238 221
101 189 201
8 499 257
39 16 201
224 93 226
243 435 14
237 187 249
225 324 25
306 269 37
343 428 179
516 128 138
474 229 64
396 483 20
373 523 19
312 221 96
521 184 5
518 422 192
241 367 237
512 147 243
23 210 128
185 446 256
60 115 205
370 511 163
127 358 143
147 390 84
226 105 6
494 343 148
143 304 252
363 290 120
80 33 67
192 465 251
185 525 103
128 370 71
274 217 149
417 84 260
221 310 102
490 524 183
375 142 224
348 505 235
468 306 251
518 498 190
243 403 173
329 251 0
120 525 200
270 136 22
4 358 52
369 42 51
272 138 176
480 486 138
172 148 181
143 140 136
334 104 14
490 153 248
210 274 248
147 18 104
415 22 182
468 111 225
239 384 100
398 58 60
10 230 191
175 373 68
311 427 172
45 111 63
31 321 74
262 189 75
103 78 97
23 266 208
231 225 49
331 97 90
111 108 40
39 283 134
107 314 18
0 80 130
46 111 171
366 93 97
178 196 176
258 465 179
449 170 142
219 221 222
46 332 67
350 91 70
221 445 105
485 445 185
89 211 16
261 51 109
341 475 25
254 207 211
154 130 101
279 349 60
501 116 112
306 466 204
359 407 123
447 366 25
369 176 219
368 157 253
460 498 202
223 473 129
417 101 242
255 380 49
315 355 165
428 381 88
352 461 215
475 382 38
483 472 214
176 34 91
166 495 64
351 192 11
217 83 95
459 338 195
245 374 24
393 522 126
481 348 61
416 297 163
192 500 92
389 150 127
218 36 96
265 387 8
259 78 74
354 257 132
23 223 243
293 336 239
419 292 61
200 428 78
84 94 52
439 484 185
303 422 221
382 161 82
127 420 143
201 494 138
54 237 81
34 4 154
257 144 166
55 64 69
117 148 163
432 308 104
92 331 0
313 188 144
116 35 21
522 483 252
380 11 226
461 291 214
353 22 78
502 324 125
308 441 11
455 67 39
279 405 107
0 439 15
407 29 34
429 271 254
138 126 248
85 307 13
36 134 19
97 357 80
222 139 241
216 314 28
518 68 171
346 68 84
81 475 96
378 98 104
352 237 213
57 322 258
54 78 112
73 175 206
136 117 83
360 54 117
125 292 185
296 112 253
100 440 186
179 292 21
4 365 241
480 422 37
212 476 98
325 269 10
268 405 111
71 239 165
189 365 194
374 381 27
348 202 204
517 101 216
258 105 55
237 60 198
257 272 131
356 317 138
349 60 17
460 131 240
99 40 62
277 135 163
41 483 85
245 474 187
461 452 29
237 163 89
155 421 82
23 497 136
161 320 179
425 255 31
402 74 71
184 71 206
347 112 146
433 77 77
94 259 4
106 496 167
179 125 45
524 394 16
380 30 57
297 175 32
65 51 106
119 481 161
63 302 10
455 455 88
270 23 84
11 130 37
161 309 145
453 27 13
189 127 43
246 424 201
278 209 252
105 329 190
3 112 230
13 287 159
347 31 166
414 288 16
451 170 45
333 97 72
330 6 199
356 253 81
32 5 10
4 110 76
458 113 171
162 373 196
41 440 210
190 329 219
469 254 109
251 308 206
306 358 212
489 188 185
44 220 191
300 225 21
114 403 118
5 285 228
184 326 142
115 237 191
54 180 166
163 152 194
89 458 26
21 141 214
207 431 155
398 206 100
419 40 240
520 45 262
222 476 45
85 311 19
522 365 183
162 2 72
356 91 250
382 112 129
71 319 17
226 437 223
46 51 0
23 45 29
5 514 225
313 319 10
53 315 95
499 478 97
291 308 188
15 411 20
127 202 60
391 148 234
88 194 22
72 217 51
347 222 39
46 255 78
302 308 130
397 281 65
494 292 94
402 28 242
142 401 181
202 266 66
420 355 260
162 147 214
476 494 156
498 260 148
313 36 194
164 153 195
492 367 208
323 489 236
285 105 111
203 28 115
269 448 190
249 84 57
446 35 25
339 253 22
208 287 41
385 451 194
37 137 35
508 181 261
481 466 86
50 144 114
411 133 36
75 383 121
132 303 139
403 363 129
408 45 136
449 150 61
363 187 182
398 170 100
116 371 40
465 421 167
37 306 21
336 101 124
440 479 147
53 356 247
166 484 12
285 407 162
84 490 87
512 82 240
349 198 85
372 384 227
260 421 253
281 477 92
405 392 45
26 165 122
257 51 80
6 337 208
432 141 172
239 127 255
216 196 173
284 42 31
494 22 172
485 303 107
51 428 219
342 455 104
184 186 156
265 438 213
193 64 74
365 303 184
340 239 117
514 244 142
265 212 165
158 417 188
2 468 91
484 5 20
325 435 189
464 174 101
134 87 149
471 173 172
375 513 149
229 221 113
92 487 45
503 119 200
165 367 125
256 325 113
522 370 23
448 309 197
7 443 5
156 109 178
48 484 148
460 434 107
30 246 51
339 223 153
259 388 257
121 365 56
235 361 163
258 4 192
175 11 110
426 413 202
78 461 143
490 116 51
317 392 34
105 451 240
258 184 103
498 26 205
291 261 23
174 239 27
367 134 21
197 35 154
382 113 90
525 323 189
297 360 38
68 185 227
29 163 131
378 135 157
320 146 138
63 321 114
91 408 232
375 325 4
267 427 100
340 426 144
249 197 241
24 512 164
497 15 64
103 393 183
506 433 66
119 496 107
216 307 235
448 403 34
435 390 198
10 450 82
400 173 262
378 443 248
262 135 246
310 238 113
493 464 3
16 57 220
387 274 1
359 442 141
377 352 5
295 362 192
114 236 85
377 334 249
345 317 104
329 347 62
425 34 0
429 50 58
123 437 52
370 271 231
249 122 57
237 417 139
150 252 95
481 103 150
450 448 204
28 497 8
90 397 42
91 300 92
395 143 4
447 513 258
415 482 100
456 194 254
52 64 226
411 19 49
298 470 218
222 218 189
493 309 60
272 120 80
347 515 223
88 436 194
66 45 150
166 501 81
404 28 128
367 159 148
154 177 75
109 119 30
281 332 59
79 324 179
142 145 151
349 480 61
17 20 90
167 187 65
232 65 76
360 432 218
228 306 132
40 415 251
317 417 57
376 216 118
276 358 247
164 181 201
209 198 221
299 366 145
84 72 210
144 152 100
362 381 143
232 421 16
466 458 170
507 29 123
345 25 201
329 189 120
267 118 38
226 417 124
91 222 179
22 366 69
385 202 187
2 154 65
1 341 244
171 322 10
277 141 35
216 191 207
56 458 46
94 404 183
465 216 142
381 238 228
450 97 168
94 345 42
406 347 120
124 238 162
117 516 24
135 452 215
62 228 130
108 42 9
292 507 225
417 363 183
383 7 17
271 102 82
313 508 166
417 352 125
316 469 98
77 78 24
29 140 235
160 495 14
415 261 259
360 152 79
17 9 86
17 280 188
362 314 153
249 205 242
374 241 168
209 319 246
216 68 107
451 474 76
202 83 57
461 443 209
523 180 202
347 197 202
518 34 236
146 283 178
371 377 140
260 60 196
506 276 247
333 201 179
129 403 262
186 59 163
116 56 80
55 123 261
240 116 15
214 508 18
112 353 132
252 87 192
431 314 188
399 367 126
315 497 249
34 157 28
197 273 68
261 48 191
242 289 44
257 223 9
521 335 83
390 308 153
39 213 204
490 86 29
336 121 0
305 156 140
334 73 151
385 54 182
313 16 191
78 519 151
350 514 207
170 98 252
324 137 185
511 347 9
14 403 113
260 183 6
138 237 63
9 96 100
454 409 117
383 207 110
8 278 99
461 448 197
450 492 55
93 198 122
102 458 0
198 193 166
205 51 140
251 60 236
351 514 102
468 91 47
53 100 62
398 281 230
315 452 180
370 19 115
493 367 47
213 39 223
116 490 11
256 215 54
212 41 43
51 229 134
344 2 217
389 400 236
77 190 145
257 280 164
109 493 5
139 180 44
363 16 9
357 518 207
412 204 248
175 502 198
29 40 200
230 430 58
186 227 231
68 484 248
495 313 216
237 452 133
264 9 133
256 87 125
464 219 67
432 394 26
104 143 66
25 373 216
346 33 180
51 101 121
282 316 171
235 27 81
89 12 73
485 268 143
347 206 99
134 113 213
423 463 94
473 488 204
146 28 221
47 325 59
431 82 113
323 37 123
387 126 118
180 85 124
61 153 50
406 287 163
94 431 84
451 98 46
375 244 58
53 11 120
113 443 185
209 486 223
52 67 86
434 247 155
278 308 45
328 189 52
212 3 203
33 174 38
62 269 3
366 323 14
224 436 177
129 365 137
352 137 187
422 45 172
51 43 200
79 372 109
114 304 112
301 337 23
339 119 30
62 486 73
77 430 246
500 279 68
358 106 205
282 248 234
454 19 14
129 98 123
484 458 164
71 233 221
77 293 61
353 75 4
426 152 171
129 127 187
197 205 13
123 487 261
340 416 17
354 265 98
461 223 14
345 14 230
287 338 260
348 165 73
89 66 208
506 441 55
150 359 260
147 482 205
145 296 78
409 370 80
490 305 23
504 371 21
472 132 96
452 200 261
508 9 47
191 235 209
492 385 42
473 252 244
415 118 14
493 1 104
30 491 130
36 190 238
57 136 90
136 308 10
381 291 19
411 202 254
357 168 96
136 361 86
117 250 204
114 463 188
482 493 136
69 4 63
27 307 182
117 444 228
127 19 239
392 430 178
120 262 66
199 398 165
285 236 135
209 350 73
134 26 40
271 95 27
317 122 72
220 485 236
185 332 238
161 198 142
59 318 124
125 238 260
27 523 216
426 453 23
482 61 50
259 52 128
7 90 234
62 310 193
35 215 0
273 96 181
135 155 220
260 280 195
503 28 192
456 174 119
479 376 164
249 109 199
361 116 26
69 178 56
508 459 8
228 452 104
147 308 259
104 42 260
299 265 8
211 195 165
51 394 15
198 364 107
397 445 207
407 514 105
200 216 39
455 165 211
33 32 239
13 382 18
519 401 20
1 86 198
149 383 50
427 55 134
8 173 53
198 54 24
41 500 240
63 429 125
11 463 157
514 196 13
252 189 134
256 190 221
454 339 61
487 486 117
358 214 10
148 413 64
172 454 21
133 517 188
258 248 108
136 482 41
395 455 213
4 185 140
471 359 199
515 321 142
89 399 76
362 22 226
409 440 137
431 293 111
76 272 97
184 408 36
208 523 228
421 1 150
18 192 230
200 182 8
62 271 144
138 108 149
348 237 47
485 142 77
334 218 86
151 122 231
170 50 212
399 471 196
6 209 126
499 129 28
227 191 19
109 50 110
504 398 85
288 77 227
366 131 166
189 2 25
141 173 76
90 46 4
6 52 197
395 272 63
406 219 238
163 328 8
273 27 143
341 315 203
26 401 72
455 311 74
480 172 247
276 508 13
264 514 66
461 104 58
507 510 14
219 393 63
227 387 73
353 202 108
277 228 247
86 157 15
143 358 170
128 354 152
404 92 123
453 273 227
494 255 195
229 194 62
12 142 169
348 215 109
193 492 57
160 52 215
158 196 30
328 44 104
480 168 180
61 96 190
25 310 182
466 13 97
3 25 239
172 373 191
264 287 158
59 447 193
257 80 109
7 128 153
111 329 59
28 390 138
465 135 168
104 76 182
464 325 190
440 217 21
352 482 45
230 261 212
160 518 12
253 245 141
143 356 207
448 105 71
43 44 206
475 148 2
394 333 64
304 247 19
62 319 221
353 23 219
40 430 194
298 157 176
439 20 252
383 469 77
437 512 104
101 181 236
366 295 43
431 74 10
433 382 67
391 210 90
330 496 240
261 268 134
437 428 155
409 285 81
487 443 67
328 18 232
38 104 1
327 255 75
338 162 195
142 273 142
215 77 95
193 338 100
47 495 2
202 379 8
266 60 171
317 388 172
23 147 13
24 474 6
100 6 151
278 148 162
140 84 239
498 523 52
318 44 4
41 493 120
49 233 163
466 24 26
375 47 156
388 318 87
377 418 94
3 416 225
428 30 46
124 248 26
159 40 71
164 81 21
267 376 237
431 316 262
177 411 29
316 274 84
403 125 222
217 374 112
180 522 125
472 121 110
236 280 134
290 164 198
311 152 32
285 303 85
4 480 234
17 516 228
347 393 73
44 331 185
402 511 164
511 177 22
341 413 23
212 177 170
131 208 59
426 214 99
511 464 36
202 481 26
413 303 140
224 67 208
129 189 176
30 174 90
299 516 241
42 448 138
475 53 84
255 479 18
337 185 219
374 107 175
120 241 198
260 465 2
205 314 191
101 64 86
455 83 59
170 125 227
28 321 1
375 296 200
376 107 105
70 201 213
245 322 191
443 56 113
428 508 147
76 83 211
425 12 15
204 428 140
432 177 181
153 272 197
353 123 42
459 193 226
146 438 22
320 75 62
153 503 44
300 53 110
231 199 106
246 123 254
107 275 168
288 428 178
486 256 38
511 189 231
211 55 126
480 375 201
279 248 161
306 22 197
136 253 116
505 220 240
217 327 252
385 335 138
20 295 131
58 0 57
9 458 112
398 412 207
56 411 192
217 191 197
398 47 170
251 27 127
474 490 191
447 349 1
322 370 16
453 148 0
493 158 195
62 276 64
252 333 212
164 270 123
98 142 170
251 114 180
379 62 144
27 509 214
291 25 41
291 478 189
291 165 67
223 227 81
287 199 151
482 363 158
342 181 21
249 433 135
150 6 197
294 33 164
228 325 189
6 90 125
459 101 10
263 324 221
344 331 157
478 287 241
111 349 159
132 72 49
267 468 55
184 237 89
331 465 151
258 472 224
103 125 62
113 108 106
317 173 157
475 125 164
190 236 250
332 88 42
382 75 248
437 260 205
0 65 144
134 43 73
78 392 181
123 226 27
492 17 200
386 212 62
287 402 19
257 455 107
300 311 166
285 222 163
227 469 211
354 77 238
148 156 104
66 279 50
93 492 68
13 72 0
59 80 123
341 337 52
431 111 100
71 116 42
217 343 248
149 418 46
124 40 185
211 106 184
525 446 150
50 459 206
313 518 23
419 53 80
208 205 192
28 276 28
71 214 109
302 363 247
85 207 24
516 418 130
175 137 33
45 433 230
514 467 205
11 360 242
92 43 184
4 71 180
32 388 114
124 165 214
108 496 158
378 487 34
509 382 154
279 427 62
229 136 249
418 147 83
380 485 109
301 209 164
464 488 26
316 332 174
250 161 128
392 13 72
426 242 191
317 242 75
362 191 211
348 83 79
169 183 21
524 204 214
425 143 176
435 179 245
329 429 126
194 295 140
512 441 119
160 233 81
236 315 10
167 138 76
246 27 260
251 25 201
465 171 64
115 80 243
343 409 130
453 324 162
330 310 61
169 471 31
497 427 66
244 68 204
40 35 231
300 6 240
485 471 148
286 306 211
267 369 77
117 296 138
262 346 169
323 516 97
337 487 244
141 451 32
82 491 50
297 512 56
11 471 1
422 231 27
353 218 134
167 335 167
306 318 234
195 115 224
275 453 168
256 68 76
25 396 24
76 167 10
378 424 218
380 320 170
407 147 125
524 35 181
412 61 236
120 256 71
64 5 261
495 507 49
291 252 183
52 48 70
46 427 232
264 1 9
154 128 140
263 127 175
181 13 236
137 133 212
208 197 200
453 412 181
239 177 170
142 475 219
459 521 103
428 506 104
157 134 232
34 397 96
192 298 92
411 435 225
360 364 159
34 11 28
461 250 188
89 113 138
291 46 116
394 194 79
218 351 214
450 106 85
4 18 104
96 430 259
42 510 97
184 265 91
213 446 79
138 9 175
259 300 204
96 414 135
438 106 206
109 31 32
458 281 34
19 97 184
15 139 168
96 324 153
187 257 74
249 395 83
424 375 104
85 191 255
466 103 99
147 213 113
425 391 131
196 130 211
363 145 88
269 241 149
405 429 143
216 398 258
283 297 90
124 102 18
99 43 105
461 436 38
294 335 149
408 252 16
94 89 161
445 78 123
314 204 9
440 420 144
435 423 161
246 267 1
247 367 44
352 22 200
110 317 9
259 445 244
258 13 54
403 178 115
263 492 56
518 406 214
399 36 94
18 282 99
265 3 186
309 76 208
229 432 245
484 412 165
466 144 161
257 21 77
372 4 43
166 522 170
100 116 189
177 134 208
276 399 194
182 428 253
391 131 143
356 89 29
521 275 156
140 252 178
217 345 165
506 231 162
396 51 261
322 228 132
250 225 251
428 407 153
401 272 4
281 103 76
47 344 89
204 484 78
102 421 160
4 402 111
149 272 162
130 69 128
525 39 90
233 467 234
369 343 227
110 98 67
433 392 131
259 70 73
57 418 231
201 142 107
49 12 100
195 142 152
323 388 191
150 95 116
104 185 196
331 15 31
381 448 160
250 427 213
43 485 88
11 406 231
102 175 243
185 370 105
337 167 230
248 37 46
101 142 231
297 193 246
312 49 169
192 19 70
389 62 12
477 319 138
428 421 51
391 326 158
497 383 46
184 106 83
493 453 208
461 471 139
165 503 171
71 169 190
124 278 235
383 476 28
521 378 170
309 490 233
188 461 74
234 365 180
317 333 90
509 514 35
122 153 12
30 224 165
203 69 180
438 452 113
186 167 212
356 477 176
47 385 94
121 93 196
21 130 3
374 113 255
393 481 145
142 511 90
307 434 142
471 66 51
58 253 218
270 329 152
166 376 11
523 217 104
194 484 235
443 53 85
155 446 41
21 62 9
357 90 164
236 281 230
287 339 220
505 330 24
395 496 120
143 214 58
231 128 16
203 291 69
8 447 252
295 188 35
288 19 108
189 255 126
156 16 185
97 241 252
121 356 206
487 220 157
19 451 5
282 374 33
71 382 200
307 398 125
79 160 144
433 349 136
296 225 135
218 322 97
191 163 190
134 125 147
11 390 72
16 146 183
32 464 23
496 245 158
95 44 38
240 477 124
359 247 69
215 185 129
312 376 12
485 510 137
107 241 248
425 503 114
66 10 52
335 506 34
230 321 61
5 35 12
375 115 242
164 330 165
30 362 15
26 321 246
426 148 224
131 48 202
509 360 212
298 169 175
53 119 233
377 370 252
373 465 104
89 103 154
237 380 253
236 406 48
219 26 197
443 158 228
365 141 45
297 439 214
209 212 53
163 64 160
152 157 99
502 246 185
130 204 39
120 440 182
151 133 209
331 296 104
33 382 245
341 153 141
12 83 91
48 246 138
454 118 32
27 94 15
476 470 202
498 64 116
155 461 232
364 267 3
451 300 122
433 362 258
294 94 78
122 389 44
260 317 145
29 65 239
291 261 166
230 233 213
330 388 149
36 472 153
285 397 173
390 24 255
123 319 70
184 161 196
492 422 250
111 171 52
71 462 50
500 413 21
188 463 129
57 499 76
473 505 193
383 369 218
376 212 257
429 397 155
99 363 34
86 194 206
385 265 125
172 486 258
439 394 195
289 451 152
85 398 131
278 501 220
216 71 170
193 500 41
86 73 124
120 160 55
46 19 58
435 437 18
150 71 149
83 80 74
481 165 192
332 163 167
26 100 239
459 293 196
483 379 7
344 220 150
400 512 152
441 141 46
442 292 117
311 95 197
105 50 82
297 382 246
184 128 83
143 62 113
77 265 213
330 330 153
217 204 139
369 365 1
398 281 30
253 66 108
433 171 158
499 188 260
482 372 125
285 516 170
381 313 173
331 117 240
467 334 164
64 423 249
328 15 4
358 514 53
203 422 207
344 395 132
341 71 224
466 356 197
94 211 247
267 263 84
490 204 155
111 268 35
343 316 51
84 148 39
383 71 181
327 135 33
459 476 87
403 137 163
338 231 95
59 218 95
144 428 19
282 259 8
38 76 61
335 406 193
94 263 247
522 310 120
292 489 53
100 366 190
263 178 141
358 484 79
436 102 244
439 104 223
430 388 36
491 197 162
141 12 162
109 8 192
492 20 155
19 120 259
456 384 174
317 462 115
397 373 217
378 6 42
339 436 167
95 121 85
258 263 97
403 92 105
333 58 125
225 323 229
204 499 87
116 291 6
231 162 116
169 260 105
457 319 15
361 415 137
429 393 137
263 270 212
351 323 7
460 23 50
163 227 7
250 63 35
239 15 180
76 430 160
444 361 217
197 442 89
71 346 219
454 329 209
403 155 7
130 89 13
180 498 240
170 468 24
205 181 39
368 257 189
266 176 24
203 373 186
29 164 252
494 92 56
423 215 194
150 345 3
426 245 238
124 416 180
411 341 81
433 184 76
79 450 252
86 373 82
9 402 246
525 90 58
38 233 10
478 384 92
481 4 57
176 128 210
339 259 26
157 412 210
479 491 117
205 51 227
270 307 86
499 26 159
294 64 129
24 262 233
99 463 238
420 113 103
350 172 83
376 49 232
306 3 181
406 208 215
353 199 259
176 172 22
55 187 69
168 457 68
138 277 5
359 417 101
183 241 256
266 92 43
481 118 46
136 525 237
89 352 173
68 249 66
354 24 236
143 192 150
195 51 164
183 410 55
285 67 34
524 333 109
41 289 210
87 145 192
62 234 19
481 303 251
267 377 12
486 240 188
111 435 239
12 93 123
51 98 174
331 96 244
423 384 253
107 471 136
37 253 90
39 455 113
290 196 210
285 157 188
473 268 97
432 0 173
30 297 8
467 102 88
431 525 209
405 353 137
524 390 128
351 149 57
448 159 236
395 164 130
57 112 118
401 18 102
311 294 136
40 481 222
111 107 204
320 512 31
440 230 141
288 55 10
345 223 169
39 93 71
415 396 166
254 517 167
93 23 182
475 309 137
154 420 227
359 460 196
110 374 163
498 137 202
508 202 162
152 241 238
206 377 92
372 105 83
276 198 106
195 393 135
316 22 29
17 101 209
477 211 58
114 183 178
53 412 100
462 38 62
437 490 176
3 336 18
333 332 199
159 248 49
295 284 54
324 301 155
8 498 87
312 333 253
473 106 139
310 42 177
109 200 124
285 203 197
286 256 250
485 416 218
272 185 239
326 509 260
202 237 233
289 269 23
279 216 112
156 1 155
316 356 75
441 116 261
95 402 255
82 82 145
283 74 67
522 120 33
257 322 254
210 85 260
496 85 197
328 487 198
483 277 28
32 438 127
277 8 250
6 336 69
151 94 143
481 90 0
234 67 43
225 277 111
486 493 196
157 296 140
75 499 155
349 252 67
214 3 58
201 9 132
516 406 209
379 361 19
362 315 87
142 15 84
500 221 52
416 98 68
294 419 24
449 242 13
236 176 262
278 97 8
130 87 151
76 466 232
358 23 22
182 165 20
4 385 241
39 276 76
90 44 232
114 213 194
111 169 108
110 447 205
365 51 13
499 127 199
469 206 222
474 108 108
494 112 230
455 397 243
268 487 24
220 322 220
414 433 127
505 17 48
448 382 83
444 76 193
380 19 136
340 213 245
431 181 77
135 110 195
116 98 139
386 318 198
344 452 88
191 432 106
485 74 208
305 518 21
219 92 23
92 152 236
320 57 137
135 193 230
67 29 48
452 135 86
388 479 13
476 390 165
302 350 239
231 375 214
235 68 26
259 407 179
215 201 236
73 56 149
286 369 178
72 296 51
421 158 250
417 354 98
319 377 168
15 82 17
475 37 69
502 16 196
155 478 117
111 25 174
261 311 17
159 103 33
193 525 174
181 136 3
525 176 100
167 437 165
430 387 202
482 83 219
415 238 171
270 69 179
427 330 210
427 210 51
198 403 33
372 304 169
95 303 65
195 470 240
97 375 101
283 51 184
239 467 142
393 457 194
46 358 245
256 259 192
44 177 69
323 24 94
493 365 134
32 35 62
255 378 157
93 135 208
260 94 149
385 487 63
54 253 158
299 510 138
474 274 35
280 72 59
357 285 145
492 37 163
11 293 15
431 386 134
376 367 211
509 472 156
46 246 146
188 19 130
309 493 125
81 494 197
124 45 219
252 11 256
415 268 23
150 173 130
267 270 217
479 499 163
372 265 147
238 453 149
369 482 100
494 284 51
411 128 96
367 380 108
80 269 96
367 139 7
480 407 260
434 360 233
334 452 235
201 164 146
88 253 102
188 467 106
502 352 234
55 439 71
146 520 60
506 361 200
513 315 81
230 469 161
200 523 87
435 199 234
38 7 225
124 195 166
493 417 239
185 472 152
256 93 146
37 319 227
237 306 262
318 10 205
479 456 203
286 85 122
257 124 129
482 248 44
369 461 181
328 366 127
480 97 203
347 134 259
294 91 22
31 409 15
482 82 191
405 368 14
1 99 138
130 56 106
174 145 41
355 473 145
203 147 225
389 494 79
369 509 170
374 14 36
390 216 118
301 96 223
52 343 59
173 474 98
16 368 226
41 444 173
432 367 41
114 476 255
176 319 238
83 414 235
365 524 189
483 299 5
163 352 85
468 525 33
304 262 122
250 303 23
144 455 110
185 43 60
440 219 100
399 22 251
371 387 249
280 64 5
285 227 94
108 415 77
124 439 76
229 164 99
252 308 28
362 493 54
143 127 10
243 0 15
477 92 122
183 372 186
188 132 133
266 486 22
343 84 199
402 314 100
484 286 128
249 123 78
23 512 205
296 229 189
31 426 18
153 83 110
339 517 242
192 257 202
460 320 7
116 442 58
462 400 64
64 369 187
405 392 173
348 408 122
257 439 5
258 66 88
105 125 63
85 37 40
270 498 98
260 88 260
318 25 118
383 335 224
290 215 74
184 283 219
26 14 116
295 272 165
366 377 11
429 182 48
470 173 20
25 433 92
268 472 100
386 49 172
68 59 124
142 243 144
344 516 141
180 5 133
83 371 248
357 521 150
388 465 60
392 210 214
484 478 160
321 59 192
213 127 251
75 515 215
465 333 205
64 514 210
460 317 38
428 394 33
53 256 218
96 122 148
293 326 101
190 367 143
382 55 7
108 376 259
43 315 49
248 99 20
178 34 74
199 182 205
496 235 182
171 52 41
57 345 105
141 256 209
284 358 1
274 186 114
7 229 150
39 197 232
60 375 3
397 295 186
323 511 141
505 156 176
3 459 259
354 74 235
301 78 67
22 352 254
120 79 203
253 119 138
485 179 233
472 296 2
395 339 250
519 38 144
170 42 60
412 396 118
104 417 196
434 160 6
145 280 85
86 7 204
224 212 103
457 158 120
460 273 196
447 267 235
311 157 260
109 289 113
227 393 5
143 21 165
412 167 165
481 253 155
142 477 104
509 128 0
86 62 10
282 230 260
237 261 137
234 90 146
68 37 13
319 181 35
204 313 185
369 268 175
261 411 109
85 114 237
348 200 20
79 202 233
322 440 231
443 394 42
326 462 79
323 501 243
341 179 31
0 22 19
158 3 150
267 89 247
224 157 167
490 482 107
460 279 4
412 442 135
454 242 55
253 285 30
234 100 193
248 346 215
4 504 202
418 491 28
139 436 168
307 400 125
397 335 141
401 467 40
519 395 19
294 122 25
45 76 125
501 324 192
173 329 153
375 467 119
386 326 29
29 353 149
154 224 204
278 345 145
318 59 260
320 353 103
82 118 179
191 93 224
120 513 10
273 82 214
112 469 260
387 218 88
11 372 32
215 370 115
361 162 174
341 482 247
444 285 103
344 476 179
42 316 149
315 309 232
3 422 175
509 283 130
71 14 222
350 230 66
202 311 211
359 126 150
63 291 172
412 109 105
329 151 158
478 466 205
184 189 84
79 172 87
192 490 102
397 314 52
200 236 100
411 315 209
19 378 237
191 265 66
34 314 217
438 512 140
100 417 49
184 496 205
272 409 152
94 280 203
146 201 159
509 332 211
438 351 46
133 17 31
462 297 82
137 455 52
523 30 206
293 460 159
235 452 42
387 20 43
47 412 244
469 115 50
400 28 122
429 407 122
198 343 156
0 200 68
315 444 81
521 211 16
418 166 188
443 273 192
223 320 78
204 509 194
238 103 205
97 6 86
219 204 149
358 205 87
146 520 251
491 236 199
490 128 85
415 45 95
327 515 135
406 193 118
320 151 221
262 248 210
331 187 152
217 265 77
24 412 54
275 97 27
457 61 138
525 196 167
94 524 156
229 124 69
67 164 221
8 426 189
482 477 114
108 168 99
431 439 231
222 434 65
496 366 109
371 85 43
258 180 24
414 129 131
484 197 32
425 205 178
88 161 129
185 515 17
22 420 193
236 363 85
22 333 171
394 424 256
157 157 173
164 291 40
295 495 220
310 394 162
471 483 44
337 142 33
338 410 174
251 367 11
73 389 64
507 503 225
501 135 102
394 19 114
171 35 83
391 345 215
11 291 155
318 348 17
334 406 148
245 132 252
239 205 115
40 187 92
512 408 210
88 276 213
202 168 248
6 33 50
484 290 61
359 82 147
376 417 27
524 382 142
233 96 85
85 136 255
161 368 120
91 457 133
41 379 38
272 385 55
323 63 65
384 422 148
514 519 22
525 237 124
141 471 220
209 276 77
184 437 182
41 249 96
421 10 213
442 283 55
217 326 119
283 430 261
151 419 254
156 138 229
17 525 157
221 455 170
35 113 65
463 401 34
17 16 44
230 458 64
268 150 127
124 153 32
369 304 171
360 460 29
309 197 11
203 418 203
94 453 37
422 111 158
193 128 174
220 78 106
285 346 239
395 191 129
410 34 170
38 114 87
50 424 22
62 347 177
248 441 88
22 57 182
443 496 47
74 191 108
444 196 191
403 311 102
270 196 136
160 480 251
511 5 132
7 313 216
167 35 115
501 58 172
420 221 126
467 296 37
312 460 233
224 337 18
326 327 197
463 488 135
434 193 140
303 446 190
239 87 208
91 63 3
247 483 208
373 145 224
410 177 141
363 401 198
101 202 0
36 385 208
171 13 138
31 316 58
204 29 128
412 367 191
399 88 132
327 461 260
25 65 174
429 428 50
364 3 235
347 285 77
292 176 90
430 453 126
208 131 138
74 264 242
248 383 67
100 184 248
97 209 33
272 358 198
42 442 185
260 264 207
337 30 121
147 181 31
273 389 163
394 183 147
111 432 4
161 6 188
147 104 117
443 96 212
362 138 111
284 398 112
211 455 126
315 76 27
347 69 153
230 463 57
377 48 226
381 210 215
289 77 39
406 240 135
75 76 256
186 80 128
282 292 40
408 327 116
435 148 168
45 378 106
365 229 137
311 330 67
264 93 144
40 499 105
159 48 164
415 481 245
264 237 257
41 365 58
141 520 207
309 285 42
415 125 255
10 156 59
340 420 153
468 181 109
310 340 158
474 229 96
439 493 70
170 255 172
475 396 149
156 179 171
181 315 16
436 325 173
496 385 50
369 327 231
215 357 28
356 26 241
452 465 191
259 356 183
151 305 36
37 181 216
455 362 251
471 273 33
118 489 155
152 332 203
120 21 34
395 378 43
373 304 246
284 284 76
205 155 118
241 193 36
177 368 118
148 313 128
444 432 74
74 58 143
523 424 148
277 13 0
58 106 24
304 391 28
100 316 184
201 277 97
483 175 202
75 323 252
187 242 141
261 36 182
142 33 64
10 310 77
10 368 184
280 392 32
309 492 68
493 413 65
310 370 240
249 446 38
501 107 0
100 88 36
282 230 52
83 486 99
144 496 188
311 497 54
343 280 4
131 493 154
196 277 262
437 246 182
195 221 9
195 41 97
477 324 48
266 127 8
365 271 225
27 56 196
328 119 196
69 250 146
223 167 143
468 324 126
107 519 84
379 434 109
460 385 170
245 371 34
236 456 26
444 204 82
97 6 185
30 321 155
422 264 59
39 207 120
428 314 96
233 414 4
79 348 109
495 313 217
266 269 131
275 188 72
95 285 78
0 36 136
155 458 137
198 498 64
38 120 116
398 353 250
385 152 72
232 121 105
169 108 94
37 383 19
109 198 25
433 198 61
26 74 239
410 518 194
474 30 52
47 428 125
34 288 261
89 240 119
177 409 227
9 167 68
28 276 3
299 430 185
360 176 242
74 60 234
251 255 1
303 22 167
149 303 175
147 112 152
266 290 35
214 299 202
265 47 199
514 67 86
436 427 262
398 221 43
106 473 35
371 496 40
258 365 80
433 512 193
42 499 203
340 433 222
0 172 252
182 160 56
268 317 204
250 189 145
293 16 92
311 107 46
352 365 148
415 518 118
65 34 74
251 94 227
210 340 136
183 242 16
502 230 53
163 481 226
46 248 242
121 280 86
167 352 171
299 241 146
137 27 163
474 278 240
438 209 38
294 392 17
30 88 248
330 252 203
293 298 171
518 419 188
324 307 14
215 326 239
98 183 249
507 131 247
484 289 193
522 303 42
523 53 114
508 383 103
168 396 121
76 388 260
511 432 41
245 121 87
467 465 7
190 446 121
438 125 130
88 367 153
377 364 207
228 346 47
331 234 181
172 311 26
432 16 196
194 261 54
281 203 240
26 113 160
147 271 5
524 360 110
151 211 211
358 159 15
143 490 249
44 382 17
333 288 33
249 482 15
41 484 201
264 510 34
161 377 43
150 95 140
260 247 71
208 79 230
469 468 177
193 232 33
473 40 41
490 289 244
488 50 202
163 314 169
197 196 3
223 346 99
363 326 83
154 8 145
104 478 71
264 391 40
280 58 63
59 268 73
286 230 123
225 113 158
114 31 74
100 254 157
462 338 220
265 492 211
394 317 146
185 55 257
208 56 53
272 361 41
345 121 9
188 66 122
346 180 153
420 280 145
34 463 220
500 448 169
449 316 206
315 221 245
47 430 38
83 422 136
387 241 240
116 149 43
485 496 206
358 110 206
486 145 126
426 365 49
333 288 85
522 324 44
241 91 194
16 174 90
398 35 51
375 398 200
418 357 153
81 189 247
25 150 129
397 50 214
446 103 223
252 100 21
279 341 112
210 78 23
283 476 41
317 326 159
254 464 253
128 20 180
112 291 50
487 162 100
175 83 204
398 55 24
139 334 102
251 18 180
257 21 131
19 338 177
178 312 115
169 440 135
69 26 146
119 513 46
465 409 112
389 281 167
413 421 238
499 392 239
136 124 260
250 389 72
164 41 121
263 456 19
135 245 45
265 84 16
311 24 162
160 133 163
310 267 41
22 240 171
244 96 15
241 347 124
296 511 165
137 248 79
419 104 44
202 369 129
464 400 136
83 280 6
509 64 256
271 332 233
425 50 67
177 291 134
284 307 102
186 444 88
511 338 175
30 14 1
405 198 138
278 281 155
4 510 202
524 255 8
477 154 58
1 51 69
118 335 113
221 242 31
46 473 106
467 223 103
451 102 38
63 100 39
201 351 24
403 69 262
411 266 137
189 268 171
258 106 227
108 327 206
402 93 136
509 34 97
349 485 182
108 268 20
147 469 108
171 66 177
171 197 180
291 386 168
462 118 12
163 226 59
352 103 153
489 332 187
43 401 130
225 509 135
508 131 62
336 22 111
233 439 46
397 204 169
22 141 8
280 304 234
340 131 57
493 340 109
400 383 248
267 82 231
123 311 82
168 367 105
279 75 1
308 472 206
478 214 67
486 495 91
440 309 205
218 276 19
327 396 122
312 138 205
1 507 236
66 149 77
154 148 135
156 457 64
82 129 16
149 335 248
240 249 14
183 187 10
185 515 143
45 21 1
233 22 228
206 89 114
266 243 246
402 119 177
449 201 26
465 350 98
170 311 67
430 214 255
440 399 244
41 164 248
25 397 8
517 323 80
351 310 43
334 432 146
494 355 84
257 295 155
355 185 186
423 90 137
152 250 256
116 11 158
101 37 12
355 28 73
418 379 120
445 188 9
65 402 101
132 134 116
24 489 39
473 106 112
330 504 82
61 94 94
482 442 131
494 271 142
24 410 258
390 329 166
136 114 43
484 246 160
74 517 106
96 184 213
208 515 191
291 50 6
105 252 185
236 466 176
361 211 43
339 75 109
506 458 206
269 416 190
166 490 164
272 61 85
205 515 74
117 0 124
123 105 96
291 61 37
450 422 248
494 236 43
60 462 238
267 205 111
440 91 59
78 83 120
146 289 92
484 406 93
65 249 198
425 14 260
445 464 139
430 152 112
456 213 48
169 200 236
263 114 64
322 438 131
162 58 140
518 262 3
68 48 252
3 473 249
246 392 170
386 16 60
481 472 256
267 361 193
503 345 27
25 141 185
402 304 226
16 16 226
2 84 11
237 333 204
206 300 53
113 406 52
419 361 244
132 102 63
45 326 145
72 71 23
503 473 47
467 209 46
413 211 130
407 168 184
348 374 221
121 207 101
436 347 199
137 479 22
200 525 85
328 317 156
72 295 86
119 236 32
429 369 226
16 250 114
463 318 225
158 439 169
259 69 253
442 206 190
201 127 189
286 455 226
162 1 258
231 367 214
509 516 57
472 6 44
43 470 99
268 348 258
420 82 64
394 524 254
321 445 101
493 451 13
456 87 15
435 318 102
123 21 92
181 213 98
488 256 42
308 524 128
40 138 193
88 252 174
342 47 93
163 260 18
439 437 88
437 346 126
276 469 147
105 124 97
467 333 90
492 115 71
340 401 192
516 489 182
164 25 212
503 188 210
241 348 104
312 259 187
175 10 130
305 115 238
122 302 28
195 269 143
512 329 1
442 320 228
344 204 236
293 428 145
223 389 230
64 176 226
251 71 236
102 97 72
77 219 111
105 415 100
494 121 150
232 37 207
180 381 131
400 395 16
282 92 143
512 157 56
475 128 110
169 230 207
504 27 164
335 378 36
156 66 157
306 19 178
496 199 16
364 73 148
101 75 241
507 61 118
283 257 246
130 146 214
321 370 224
485 179 77
504 335 126
118 361 145
296 331 65
50 416 121
444 517 197
159 218 241
277 501 235
524 351 118
195 146 225
419 351 125
216 329 180
80 168 16
208 184 67
10 480 220
132 399 194
49 278 149
27 30 124
263 274 213
364 189 79
310 328 168
435 265 217
89 65 122
351 273 44
419 284 261
376 136 117
291 185 133
177 212 146
285 195 140
498 34 66
297 344 114
202 499 116
157 308 181
525 134 175
26 273 196
8 369 52
388 134 220
241 312 169
124 71 85
1 289 119
313 60 183
428 509 139
1 386 184
446 385 38
358 132 31
274 140 138
46 248 9
3 490 41
172 334 112
503 336 121
96 123 182
525 271 148
121 273 8
306 439 113
64 517 228
96 265 105
497 31 74
226 34 21
268 452 92
100 430 148
222 246 255
124 492 0
255 87 10
0 113 186
96 178 160
325 520 162
413 211 176
470 437 210
491 425 137
321 0 24
206 468 7
461 312 236
182 41 44
175 287 157
82 383 55
505 428 49
388 316 260
301 260 155
249 472 37
369 267 20
393 193 225
383 375 257
340 31 18
384 206 42
261 288 146
317 514 48
86 376 84
347 151 65
485 400 11
522 243 261
280 356 174
225 460 23
483 274 37
501 378 227
1 113 235
130 150 223
161 237 73
509 304 225
31 263 82
25 505 46
286 259 139
180 485 73
204 162 67
224 383 182
171 104 16
407 234 166
104 396 140
424 99 181
123 130 164
468 401 144
251 407 123
111 61 82
430 511 227
498 210 68
137 381 172
416 508 127
40 333 260
426 231 79
345 74 192
492 16 67
373 514 211
234 345 9
299 249 258
247 467 188
52 325 26
207 215 9
317 501 79
51 402 30
376 467 104
305 433 103
355 1 91
40 481 156
33 500 126
11 221 67
199 519 129
208 447 65
200 238 40
279 10 179
29 386 103
133 412 11
500 241 258
48 282 213
468 315 187
331 326 129
135 245 122
511 173 43
50 374 2
336 373 12
499 403 118
76 10 4
333 510 246
65 33 248
524 501 37
186 306 83
315 161 48
157 392 221
447 442 69
449 499 180
181 192 57
299 268 50
304 322 35
270 107 68
518 106 26
275 12 52
78 47 196
126 204 63
67 371 225
137 294 198
300 195 127
340 495 116
390 519 158
145 263 2
459 501 108
222 250 103
11 328 150
208 174 75
517 241 183
216 98 198
415 118 130
525 458 82
378 43 75
273 188 58
522 122 33
104 64 3
191 322 51
78 250 225
416 241 187
320 457 22
518 66 124
385 66 39
468 444 82
263 438 254
322 434 96
75 258 143
325 449 202
376 248 172
322 384 150
509 178 82
514 416 148
358 276 197
135 464 99
200 201 11
454 243 165
270 39 160
151 84 67
73 180 35
246 502 139
379 205 38
198 440 191
330 272 187
247 407 125
83 82 47
357 256 10
259 247 32
140 118 116
190 191 34
208 157 256
84 11 199
385 455 96
51 505 105
238 227 233
84 310 35
131 388 11
141 367 258
437 227 113
10 417 25
44 345 165
21 430 176
203 9 89
299 306 68
387 265 15
357 349 63
129 200 171
404 61 12
119 218 240
479 229 114
504 519 197
126 14 84
286 463 76
375 236 120
163 98 105
179 175 174
225 305 111
133 429 155
408 268 94
105 221 43
220 445 36
400 46 34
484 332 234
17 427 191
137 64 26
488 243 184
136 188 209
230 321 112
386 450 101
480 29 59
523 495 242
279 369 8
296 47 60
251 65 224
162 448 25
171 411 252
355 267 177
39 498 219
397 78 143
498 32 155
295 275 125
257 274 214
511 291 262
45 262 47
6 424 232
31 69 100
20 424 105
444 183 60
137 55 138
280 27 153
418 42 165
280 19 159
478 4 170
477 49 169
507 301 50
459 53 119
297 73 1
122 237 167
445 374 222
320 374 233
473 513 12
95 267 32
237 219 19
145 416 52
34 397 90
348 331 143
450 348 200
171 470 174
76 109 6
35 149 100
268 96 87
264 437 75
279 148 31
298 13 168
87 48 22
178 116 73
41 40 158
504 212 85
399 8 177
142 43 63
505 32 142
330 16 53
388 295 185
419 313 181
307 121 229
313 19 65
123 60 106
2 39 38
70 438 46
248 300 72
294 525 87
437 49 103
210 437 118
132 51 169
314 358 27
263 145 46
329 515 89
155 517 128
439 307 23
205 275 43
14 44 43
348 201 92
171 411 4
290 264 55
442 52 133
189 35 262
481 84 251
307 485 225
419 398 252
442 77 2
486 338 29
249 406 230
341 51 115
65 61 116
120 503 151
500 166 187
499 121 254
207 149 214
152 42 69
404 204 147
126 410 205
418 133 85
385 195 119
238 260 181
74 101 158
489 75 45
133 294 149
387 501 35
321 373 60
128 497 2
12 98 149
200 516 20
268 376 215
387 334 195
42 408 33
447 91 108
212 224 139
98 332 97
380 127 190
423 255 162
425 513 260
312 433 250
52 175 83
267 37 137
182 325 3
479 492 77
324 178 39
184 523 91
264 97 218
192 520 194
337 420 164
334 452 72
41 504 247
371 491 4
508 147 67
494 100 16
46 145 195
68 49 192
422 33 9
97 471 3
274 282 160
439 90 69
511 132 47
478 223 12
483 451 143
7 420 243
23 186 108
218 254 157
130 396 191
385 493 136
389 242 139
6 401 229
76 386 81
369 338 41
382 15 213
508 22 90
488 292 13
54 230 250
474 361 120
122 466 70
242 329 32
118 336 170
330 132 30
149 501 89
436 77 104
123 59 127
476 268 139
209 322 106
196 516 187
53 113 128
370 75 194
402 439 250
310 243 102
323 112 78
149 269 138
517 112 198
101 309 186
503 518 245
83 189 235
271 488 68
119 52 126
50 455 39
284 239 20
123 36 115
184 186 121
323 423 234
521 524 17
427 221 9
409 24 181
101 15 127
433 134 179
33 431 108
73 189 67
76 32 87
191 217 256
50 14 153
21 255 134
21 156 75
293 285 99
195 386 115
59 293 249
221 47 154
67 366 63
117 162 96
204 353 50
197 123 47
333 390 22
187 411 178
262 425 200
362 340 43
197 399 57
446 94 87
321 407 190
384 525 89
480 449 162
513 367 6
280 174 116
302 82 248
200 344 147
383 426 207
427 97 80
484 18 157
308 59 22
218 443 4
290 118 190
435 351 14
178 106 189
32 408 254
263 83 72
147 466 219
91 87 53
154 45 54
31 73 113
316 291 14
40 55 115
494 211 186
228 389 29
137 141 158
128 404 224
184 271 164
140 82 252
193 482 17
231 514 91
327 24 102
341 65 141
439 279 89
363 507 198
392 119 77
270 493 201
231 151 193
133 291 12
368 205 232
368 436 203
442 237 210
282 299 12
423 212 11
495 49 239
430 162 78
227 432 45
429 138 197
342 517 208
91 79 150
43 447 60
229 364 18
440 366 54
435 509 3
430 478 36
406 382 181
467 84 70
249 233 191
429 49 182
375 386 244
245 430 149
306 379 233
324 293 73
361 203 56
364 353 254
383 233 110
38 420 194
372 389 164
37 293 196
466 388 57
167 107 224
316 133 77
269 177 91
62 12 14
364 97 104
92 200 57
203 239 214
117 331 77
19 88 90
461 28 215
518 196 43
479 232 159
14 502 57
88 284 52
365 123 149
469 215 87
0 418 46
477 10 97
11 275 185
365 210 214
54 449 130
343 402 82
240 136 41
34 224 63
86 63 186
482 252 138
26 252 14
55 449 7
415 461 2
337 300 195
8 74 118
401 138 241
467 98 97
508 378 59
308 184 105
477 140 78
90 412 50
87 467 237
340 356 155
342 414 175
274 422 232
376 18 107
354 485 205
188 467 57
493 496 242
56 447 102
397 257 252
184 344 176
141 158 253
33 220 141
191 495 20
424 65 38
514 419 243
177 327 168
497 295 138
196 71 42
282 468 37
254 372 101
167 514 243
403 21 200
1 459 152
22 357 217
306 345 93
270 522 158
175 214 173
296 130 244
338 412 169
112 140 15
197 28 3
440 431 8
377 153 204
250 421 35
467 201 100
298 471 80
176 366 14
349 136 144
313 475 14
219 307 137
497 224 148
484 138 37
492 236 190
433 486 85
451 147 6
8 445 198
334 341 38
348 410 158
213 197 90
210 136 134
67 354 79
479 312 217
516 278 190
426 431 133
511 76 18
237 84 183
435 419 262
474 487 146
89 174 64
179 104 200
296 172 28
112 125 60
67 361 58
503 261 226
374 492 39
392 203 124
49 113 0
294 307 224
424 396 119
225 49 223
408 345 132
420 178 240
217 245 75
13 468 56
485 316 22
262 428 209
369 198 59
369 492 86
50 390 202
152 335 234
113 218 36
491 112 214
469 49 179
1 62 122
321 22 158
326 4 61
9 373 242
51 462 191
120 232 56
59 385 111
293 498 66
67 183 161
264 372 211
181 94 10
40 135 15
461 461 19
505 191 112
467 488 31
396 329 1
435 388 123
283 402 78
70 189 244
494 453 91
442 108 185
173 394 57
171 50 238
454 29 166
23 217 112
55 87 178
319 522 23
162 279 162
503 349 71
221 318 262
32 480 90
217 373 222
257 19 9
233 193 21
119 216 238
494 271 45
146 310 41
153 472 41
315 169 127
107 111 165
106 143 103
179 81 213
121 338 232
113 45 145
381 165 99
93 379 90
139 246 138
426 399 67
467 434 220
332 15 68
480 367 194
57 267 12
254 388 71
469 502 116
352 357 1
171 170 101
261 29 84
382 456 203
170 397 94
127 449 110
441 124 197
372 427 201
105 401 64
176 345 23
12 417 117
14 62 7
361 43 37
182 146 213
368 316 67
462 163 237
292 78 98
490 170 245
148 275 121
195 451 203
218 184 77
318 198 139
63 279 165
83 461 48
33 23 84
346 485 247
57 252 45
138 462 216
121 84 211
225 280 120
148 218 41
488 11 222
84 320 238
249 123 156
281 156 179
102 222 121
87 280 110
115 138 46
68 505 114
17 204 131
137 72 86
161 34 80
383 364 137
358 88 260
234 369 136
413 191 79
271 524 96
102 114 217
394 182 197
491 445 121
96 302 194
166 463 228
492 40 50
367 398 138
84 352 227
204 239 138
20 231 137
362 53 251
316 167 153
496 133 73
355 475 95
286 115 16
497 82 56
21 169 175
405 499 1
352 423 224
491 443 175
102 525 228
73 36 132
226 6 2
19 361 215
115 121 50
114 339 115
433 360 21
65 240 241
330 66 138
28 31 39
449 379 38
151 452 57
266 153 64
515 418 162
187 253 4
500 367 80
336 521 177
340 60 137
318 390 204
194 138 218
479 61 55
237 458 244
32 199 117
359 188 10
241 375 0
491 69 88
308 405 83
206 220 143
63 258 254
513 172 129
469 125 174
524 363 106
225 395 42
80 474 213
73 189 62
319 155 115
407 183 240
490 109 197
354 173 176
82 160 85
474 349 211
122 67 48
229 293 163
254 93 111
468 166 37
250 485 175
102 367 96
80 51 205
523 405 115
173 207 259
522 156 82
190 524 150
221 473 163
367 448 256
215 390 159
498 360 101
131 183 188
227 263 240
152 506 102
251 400 47
510 116 186
312 26 167
182 247 98
345 88 20
321 23 130
463 521 227
39 126 147
227 73 130
187 472 94
27 197 231
320 427 67
489 459 93
130 116 60
211 181 148
494 503 171
81 160 149
309 199 259
439 147 52
307 334 261
401 81 195
89 121 79
139 84 13
495 461 112
292 146 30
423 361 253
51 442 134
446 471 70
442 385 200
232 412 9
493 287 73
146 96 195
471 235 262
484 450 180
333 462 47
84 79 128
57 130 44
191 50 236
245 213 95
445 165 244
174 378 251
511 244 67
163 190 22
145 148 192
63 202 128
93 6 207
484 309 57
511 501 107
484 466 40
316 385 205
280 280 41
251 265 22
38 148 212
60 293 81
252 76 3
100 169 255
307 127 38
364 113 259
192 71 199
478 108 42
404 108 59
182 80 44
204 118 192
137 425 205
218 151 19
467 252 171
196 279 19
480 364 132
214 276 186
133 228 14
438 106 106
217 288 186
261 213 24
173 350 186